inst.id,n.runs,budget.time,best.f.min,best.f.mean,best.f.med,best.f.mode,best.f.max,best.f.sd,last.improvement.time.min,last.improvement.time.mean,last.improvement.time.med,last.improvement.time.mode,last.improvement.time.max,last.improvement.time.sd,total.time.min,total.time.mean,total.time.med,total.time.mode,total.time.max,total.time.sd,reach.best.f.min.runs,reach.best.f.min.time.min,reach.best.f.min.time.mean,reach.best.f.min.time.med,reach.best.f.min.time.mode,reach.best.f.min.time.max,reach.best.f.min.time.sd
dmu45,30,180000,3297,3315.56666666667,3315,3311,3331,7.6324323114264,10000,89366.6666666667,79500,77000,175000,47477.3872369845,180000,180000,180000,180000,180000,0,1,42000,42000,42000,42000,42000,0
dmu45,30,300000,3297,3312.73333333333,3311.5,3311,3326,6.62249735857764,14000,149966.666666667,111000,111000,298000,96439.1833849397,300000,3e+05,300000,300000,300000,0,1,42000,42000,42000,42000,42000,0
dmu45,30,1800000,3274,3292.46666666667,3291,3289,3309,7.20504293381802,523000,1233066.66666667,1248000,1055000,1748000,347816.235005402,1800000,1800000,1800000,1800000,1800000,0,1,1387000,1387000,1387000,1387000,1387000,0
dmu45,30,2003000,3274,3292.46666666667,3291,3289,3309,7.20504293381802,523000,1268266.66666667,1301000,1055000,2003000,370558.751759754,2003000,2003000,2003000,2003000,2003000,0,1,1387000,1387000,1387000,1387000,1387000,0
dmu45,30,NA,3274,3291.93333333333,3291,3292,3309,6.81748934135875,2003000,2162200,2136000,2075000,2467000,124643.602267453,2003000,2162200,2136000,2075000,2467000,124643.602267453,1,2282000,2282000,2282000,2282000,2282000,0
dmu41,30,180000,3298,3324.8,3327.5,3333,3344,11.7308905503141,6000,104600,121000,148000,175000,55444.0382666193,180000,180000,180000,180000,180000,0,1,53000,53000,53000,53000,53000,0
dmu41,30,300000,3289,3315.06666666667,3316,3316,3336,11.3985278339621,6000,188266.666666667,214500,214500,300000,85368.9491048377,300000,3e+05,300000,300000,300000,0,1,229000,229000,229000,229000,229000,0
dmu41,30,1758000,3278,3284.9,3284,3282,3295,5.49827559174316,696000,1075900,1047000,1290000,1758000,234584.790934815,1758000,1758000,1758000,1758000,1758000,0,5,886000,886000,1236000,1290000,1290000,187502.533316219
dmu41,30,NA,3278,3284.9,3284,3282,3295,5.49827559174316,1758000,1973333.33333333,1968000,1975500,2181000,86902.7729938636,1758000,1973333.33333333,1968000,1975500,2181000,86902.7729938636,5,1823000,1823000,1983000,1983000,2136000,117967.368369393
dmu42,30,180000,3424,3438.83333333333,3440,3439,3452,6.86361387333953,12000,107233.333333333,104000,104000,179000,46298.6432610729,180000,180000,180000,180000,180000,0,1,90000,90000,90000,90000,90000,0
dmu42,30,300000,3424,3436.23333333333,3436,3434,3452,6.43097747347694,12000,156466.666666667,174500,141500,275000,75097.5151493656,300000,3e+05,300000,300000,300000,0,1,90000,90000,90000,90000,90000,0
dmu42,30,1800000,3395,3412.73333333333,3412,3412,3432,8.07692897140958,475000,1109966.66666667,1137000,1137000,1750000,311991.985234516,1800000,1800000,1800000,1800000,1800000,0,1,1005000,1005000,1005000,1005000,1005000,0
dmu42,30,1912000,3395,3412.73333333333,3412,3412,3432,8.07692897140958,475000,1140600,1150500,1150500,1912000,343624.454189805,1912000,1912000,1912000,1912000,1912000,0,1,1005000,1005000,1005000,1005000,1005000,0
dmu42,30,NA,3395,3412.73333333333,3412,3412,3432,8.07692897140958,1912000,2091066.66666667,2076000,2076000,2479000,121487.599291488,1912000,2091066.66666667,2076000,2076000,2479000,121487.599291488,1,2007000,2007000,2007000,2007000,2007000,0
dmu44,30,180000,3515,3531.6,3531.5,3528,3548,8.47959010069839,12000,108466.666666667,107500,12000,180000,53264.941781518,180000,180000,180000,180000,180000,0,2,83000,83000,95000,95000,107000,16970.5627484771
dmu44,30,300000,3515,3526.73333333333,3526.5,3525,3537,6.14162358256227,12000,169800,179500,225000,300000,80627.0255024909,300000,3e+05,300000,300000,300000,0,3,83000,83000,107000,107000,185000,53329.1665038935
dmu44,30,1800000,3489,3503.06666666667,3509,3512,3512,10.1842790726632,556000,979200,928000,876000,1394000,212096.172070352,1800000,1800000,1800000,1800000,1800000,0,9,1051000,1051000,1187000,1187000,1350000,94485.4486151174
dmu44,30,2095000,3489,3503.06666666667,3509,3512,3512,10.1842790726632,556000,1002566.66666667,928000,876000,2095000,285338.84071922,2095000,2095000,2095000,2095000,2095000,0,9,1051000,1051000,1187000,1187000,1350000,94485.4486151174
dmu44,30,NA,3489,3503.06666666667,3509,3512,3512,10.1842790726632,2095000,2306100,2245000,2241500,2585000,148911.533561327,2095000,2306100,2245000,2241500,2585000,148911.533561327,9,2374000,2374000,2557000,2457000,2585000,76881.5828256532
dmu43,30,180000,3458,3475.1,3473,3466,3499,11.4330132993646,6000,82266.6666666667,76500,22000,157000,50445.5550369753,180000,180000,180000,180000,180000,0,1,144000,144000,144000,144000,144000,0
dmu43,30,300000,3454,3469.3,3468,3469,3499,10.9265573339645,6000,156700,138000,138000,293000,94275.5133308385,300000,3e+05,300000,300000,300000,0,2,195000,195000,207500,207500,220000,17677.6695296637
dmu43,30,1800000,3445,3450.6,3450,3450,3461,2.67298102990031,356000,674466.666666667,690000,795000,1377000,198206.394227441,1800000,1800000,1800000,1800000,1800000,0,1,1377000,1377000,1377000,1377000,1377000,0
dmu43,30,1891000,3445,3450.6,3450,3450,3461,2.67298102990031,356000,713200,690000,795000,1891000,297765.170145409,1891000,1891000,1891000,1891000,1891000,0,1,1377000,1377000,1377000,1377000,1377000,0
dmu43,30,NA,3445,3450.6,3450,3450,3461,2.67298102990031,1891000,1974833.33333333,1968500,1980000,2234000,67961.9991858195,1891000,1974833.33333333,1968500,1980000,2234000,67961.9991858195,1,2234000,2234000,2234000,2234000,2234000,0
dmu49,30,180000,3726,3776.03333333333,3775,3773,3817,21.7025079328338,20000,112133.333333333,108000,137000,180000,45346.7356794468,180000,180000,180000,180000,180000,0,1,137000,137000,137000,137000,137000,0
dmu49,30,300000,3726,3766.63333333333,3764,3768.5,3800,17.8102708324842,20000,183800,197000,180000,297000,75594.3803786206,300000,3e+05,300000,300000,300000,0,1,137000,137000,137000,137000,137000,0
dmu49,30,1800000,3717,3738.2,3739,3732.5,3780,13.8349881298006,137000,1326466.66666667,1381000,1381000,1789000,427364.879499808,1800000,1800000,1800000,1800000,1800000,0,1,1683000,1683000,1683000,1683000,1683000,0
dmu49,30,2126000,3717,3738.2,3739,3732.5,3780,13.8349881298006,137000,1364400,1435500,1435500,2126000,446368.766674001,2126000,2126000,2126000,2126000,2126000,0,1,1683000,1683000,1683000,1683000,1683000,0
dmu49,30,NA,3717,3736.76666666667,3733,3729,3778,13.7155419854274,2126000,2849400,2844000,2844000,3221000,237969.948841706,2126000,2849400,2844000,2844000,3221000,237969.948841706,1,2721000,2721000,2721000,2721000,2721000,0
dmu48,30,180000,3816,3840.7,3839,3839,3872,12.24505530042,15000,106933.333333333,110500,110000,180000,49658.7897788383,180000,180000,180000,180000,180000,0,1,81000,81000,81000,81000,81000,0
dmu48,30,300000,3793,3832.9,3832.5,3834,3860,11.6392617374601,15000,196566.666666667,220000,228000,299000,73142.6020174635,300000,3e+05,300000,300000,300000,0,1,250000,250000,250000,250000,250000,0
dmu48,30,1800000,3785,3811.86666666667,3812,3812,3829,11.7670883321275,641000,1464133.33333333,1535500,1535500,1795000,267479.13013443,1800000,1800000,1800000,1800000,1800000,0,1,1394000,1394000,1394000,1394000,1394000,0
dmu48,30,2019000,3785,3811.7,3812,3812,3829,11.8733256532854,641000,1502900,1572500,1572500,2019000,284376.310910203,2019000,2019000,2019000,2019000,2019000,0,1,1394000,1394000,1394000,1394000,1394000,0
dmu48,30,NA,3785,3810.63333333333,3812,3816.5,3825,11.1432160693319,2019000,2908400,2939000,2994000,3643000,365895.745468192,2019000,2908400,2939000,2994000,3643000,365895.745468192,1,2782000,2782000,2782000,2782000,2782000,0
dmu47,30,180000,3976,4003.56666666667,4002,4002,4039,15.1286057732918,10000,99700,106000,84500,159000,42777.8141015918,180000,180000,180000,180000,180000,0,1,103000,103000,103000,103000,103000,0
dmu47,30,300000,3970,3994.96666666667,3992,3991,4031,13.1529027433002,10000,180400,187500,187500,299000,90082.1846981966,300000,3e+05,300000,300000,300000,0,1,256000,256000,256000,256000,256000,0
dmu47,30,1800000,3951,3963.9,3965,3965,3976,8.78615682332941,1002000,1460700,1453000,1453000,1791000,239360.520179686,1800000,1800000,1800000,1800000,1800000,0,7,1307000,1307000,1715000,1715000,1772000,160809.855182478
dmu47,30,2149000,3951,3963.9,3965,3965,3976,8.78615682332941,1103000,1498933.33333333,1473500,1473500,2149000,254680.859567195,2149000,2149000,2149000,2149000,2149000,0,7,1307000,1307000,1715000,1715000,1772000,160809.855182478
dmu47,30,NA,3951,3962.83333333333,3964,3957.5,3974,8.5785752909786,2149000,2766333.33333333,2776000,2846000,2979000,155002.632532335,2149000,2766333.33333333,2776000,2846000,2979000,155002.632532335,9,2719000,2719000,2822000,2786000,2858000,62628.7562634858
dmu46,30,180000,4069,4109.63333333333,4110.5,4105,4133,14.8335205980689,26000,109000,107500,100500,179000,51642.0037539612,180000,180000,180000,180000,180000,0,1,34000,34000,34000,34000,34000,0
dmu46,30,300000,4069,4098.7,4098,4091,4125,13.8194016537969,34000,209066.666666667,238000,300000,300000,85636.7361283266,300000,3e+05,300000,300000,300000,0,1,34000,34000,34000,34000,34000,0
dmu46,30,1800000,4040,4056.63333333333,4053,4043,4097,13.4970835504496,34000,1337366.66666667,1476000,1476000,1778000,387994.977156729,1800000,1800000,1800000,1800000,1800000,0,1,1747000,1747000,1747000,1747000,1747000,0
dmu46,30,2490000,4040,4056.53333333333,4053,4043,4094,13.195436341019,34000,1386166.66666667,1484500,1484500,2490000,436515.756585173,2490000,2490000,2490000,2490000,2490000,0,1,1747000,1747000,1747000,1747000,1747000,0
dmu46,30,NA,4040,4056,4052,4043,4094,13.248292017438,2490000,2791400,2770000,2770000,3188000,185736.483705572,2490000,2791400,2770000,2770000,3188000,185736.483705572,2,2628000,2628000,2684000,2684000,2740000,79195.9594928933
dmu50,30,180000,3748,3781.56666666667,3781.5,3775,3807,14.3278925787126,21000,116000,118000,171000,180000,45877.6483779373,180000,180000,180000,180000,180000,0,1,156000,156000,156000,156000,156000,0
dmu50,30,300000,3748,3775.03333333333,3772.5,3768,3802,12.826382652721,27000,165600,173500,181000,294000,74325.7508632056,300000,3e+05,300000,300000,300000,0,1,156000,156000,156000,156000,156000,0
dmu50,30,1800000,3735,3743.4,3741,3735,3761,8.43882652407598,181000,1501300,1621500,1647000,1797000,336898.035326561,1800000,1800000,1800000,1800000,1800000,0,10,1262000,1262000,1644500,1644500,1752000,175795.999196038
dmu50,30,2186000,3735,3743.4,3741,3735,3761,8.43882652407598,181000,1532100,1632500,1647000,2186000,355963.902664301,2186000,2186000,2186000,2186000,2186000,0,10,1270000,1270000,1664500,1664500,2186000,220602.734948293
dmu50,30,NA,3735,3742.7,3739,3735,3761,8.5142881938701,2186000,2731900,2668000,3047500,3225000,254504.027473044,2186000,2731900,2668000,3047500,3225000,254504.027473044,12,2186000,2186000,3018000,3047500,3077000,301048.722524002
dmu53,30,180000,4470,4503.26666666667,4504.5,4488,4538,20.1459045779624,64000,132266.666666667,135000,138000,174000,27708.996837618,180000,180000,180000,180000,180000,0,1,119000,119000,119000,119000,119000,0
dmu53,30,300000,4464,4488.33333333333,4486.5,4488,4520,15.5593044196387,64000,200166.666666667,210000,141000,291000,68852.7080244405,300000,3e+05,300000,300000,300000,0,1,209000,209000,209000,209000,209000,0
dmu53,30,1800000,4409,4443.8,4440.5,4433.5,4480,18.5256578830551,686000,1571166.66666667,1644000,1679500,1797000,239192.619441743,1800000,1800000,1800000,1800000,1800000,0,1,1710000,1710000,1710000,1710000,1710000,0
dmu53,30,3029000,4409,4443.8,4440.5,4433.5,4480,18.5256578830551,686000,1629333.33333333,1649000,1679500,3029000,352356.239536396,3029000,3029000,3029000,3029000,3029000,0,1,1710000,1710000,1710000,1710000,1710000,0
dmu53,30,NA,4399,4436.26666666667,4433,4432,4475,16.9419563527201,3029000,3273600,3250000,3146000,3591000,147735.691296175,3029000,3273600,3250000,3146000,3591000,147735.691296175,1,3587000,3587000,3587000,3587000,3587000,0
dmu51,30,180000,4245,4285.06666666667,4283.5,4256,4348,28.4822186918294,64000,138700,156000,163500,179000,37838.2674386476,180000,180000,180000,180000,180000,0,1,167000,167000,167000,167000,167000,0
dmu51,30,300000,4239,4265.03333333333,4265,4260.5,4308,16.1725253041275,64000,211366.666666667,221000,221000,295000,69403.6088365744,300000,3e+05,300000,300000,300000,0,1,295000,295000,295000,295000,295000,0
dmu51,30,1800000,4198,4222.1,4221.5,4238,4249,13.5018517248561,693000,1499800,1656000,1722500,1794000,319796.422312911,1800000,1800000,1800000,1800000,1800000,0,1,1747000,1747000,1747000,1747000,1747000,0
dmu51,30,2447000,4198,4220.93333333333,4220.5,4226,4243,12.5778495320375,693000,1551933.33333333,1669000,1656000,2447000,392847.599943807,2447000,2447000,2447000,2447000,2447000,0,1,1747000,1747000,1747000,1747000,1747000,0
dmu51,30,NA,4164,4208.13333333333,4213,4214,4238,15.7867979180626,2447000,3391466.66666667,3367500,3338500,4135000,252773.81648195,2447000,3391466.66666667,3367500,3338500,4135000,252773.81648195,1,3599000,3599000,3599000,3599000,3599000,0
dmu54,30,180000,4429,4470.36666666667,4470,4470.5,4520,21.9725272561667,72000,137433.333333333,143000,172000,180000,35736.2786142514,180000,180000,180000,180000,180000,0,1,179000,179000,179000,179000,179000,0
dmu54,30,300000,4419,4456.06666666667,4458.5,4463,4491,18.5192040741558,84000,206300,200000,192500,293000,51812.7597119234,300000,3e+05,300000,300000,300000,0,1,188000,188000,188000,188000,188000,0
dmu54,30,1800000,4382,4408.7,4410,4400,4450,13.9609060075528,642000,1625600,1673500,1673500,1799000,218605.076131239,1800000,1800000,1800000,1800000,1800000,0,1,1327000,1327000,1327000,1327000,1327000,0
dmu54,30,3137000,4382,4407.33333333333,4404.5,4400,4450,13.9761701954911,642000,1731466.66666667,1705000,1705000,3137000,418887.420752125,3137000,3137000,3137000,3137000,3137000,0,1,1327000,1327000,1327000,1327000,1327000,0
dmu54,30,NA,4370,4398.23333333333,4396,4396,4437,13.5027030073888,3137000,3330300,3306500,3306500,3830000,152634.598599581,3137000,3330300,3306500,3306500,3830000,152634.598599581,1,3330000,3330000,3330000,3330000,3330000,0
dmu55,30,180000,4333,4373.83333333333,4375.5,4354,4433,23.1875164590827,38000,129300,135500,91500,180000,38715.7189853388,180000,180000,180000,180000,180000,0,1,157000,157000,157000,157000,157000,0
dmu55,30,300000,4326,4360.36666666667,4359,4359,4417,20.7122874298015,84000,209733.333333333,229500,235000,298000,65556.9945942451,300000,3e+05,300000,300000,300000,0,1,283000,283000,283000,283000,283000,0
dmu55,30,1800000,4280,4317,4321,4321,4331,9.49046708635784,346000,1473866.66666667,1662500,1795000,1795000,424603.647501131,1800000,1800000,1800000,1800000,1800000,0,1,1777000,1777000,1777000,1777000,1777000,0
dmu55,30,3112000,4280,4316.46666666667,4319,4321,4331,9.47495185442534,346000,1548366.66666667,1677500,1795000,3112000,547052.130361754,3112000,3112000,3112000,3112000,3112000,0,1,1777000,1777000,1777000,1777000,1777000,0
dmu55,30,NA,4278,4306.73333333333,4310,4321,4321,12.643475442471,3112000,3332500,3329500,3329500,3702000,125041.71717664,3112000,3332500,3329500,3329500,3702000,125041.71717664,1,3396000,3396000,3396000,3396000,3396000,0
dmu52,30,180000,4401,4456.3,4448.5,4448.5,4531,36.6682706023275,48000,135833.333333333,143000,128000,178000,34146.8263111879,180000,180000,180000,180000,180000,0,1,146000,146000,146000,146000,146000,0
dmu52,30,300000,4392,4430.16666666667,4426.5,4422,4497,26.8110673665435,48000,215366.666666667,222000,256000,300000,65733.2558111967,300000,3e+05,300000,300000,300000,0,1,217000,217000,217000,217000,217000,0
dmu52,30,1800000,4335,4378,4377,4379,4425,20.9926095369874,634000,1615733.33333333,1701500,1755000,1800000,235793.295411298,1800000,1800000,1800000,1800000,1800000,0,1,1789000,1789000,1789000,1789000,1789000,0
dmu52,30,3190000,4335,4377.56666666667,4374,4379,4425,21.041311309165,634000,1727733.33333333,1711500,1755000,3190000,402266.161102094,3190000,3190000,3190000,3190000,3190000,0,1,1789000,1789000,1789000,1789000,1789000,0
dmu52,30,NA,4324,4365.36666666667,4365.5,4366,4413,20.9275982333399,3190000,3422166.66666667,3446000,3479000,3686000,106482.015102222,3190000,3422166.66666667,3446000,3479000,3686000,106482.015102222,1,3594000,3594000,3594000,3594000,3594000,0
dmu58,30,180000,4823,4903.56666666667,4892,4881,5000,37.766691521839,55000,143766.666666667,154000,179000,180000,33758.4557308733,180000,180000,180000,180000,180000,0,1,171000,171000,171000,171000,171000,0
dmu58,30,300000,4821,4869.6,4867.5,4869.5,4986,33.5668144822049,97000,233066.666666667,230500,281000,299000,47624.1993929146,300000,3e+05,300000,300000,300000,0,1,236000,236000,236000,236000,236000,0
dmu58,30,1800000,4779,4805.6,4803,4810,4842,15.3501656735977,553000,1276566.66666667,1274500,1274500,1779000,413131.746819202,1800000,1800000,1800000,1800000,1800000,0,1,1081000,1081000,1081000,1081000,1081000,0
dmu58,30,3600000,4741,4780.53333333333,4779.5,4797,4821,17.7778113026504,1825000,3048800,3079500,3143000,3561000,417770.38735617,3600000,3600000,3600000,3600000,3600000,0,1,2795000,2795000,2795000,2795000,2795000,0
dmu58,30,4243000,4741,4780.53333333333,4779.5,4797,4821,17.7778113026504,1825000,3099333.33333333,3114500,3143000,4243000,466364.540952109,4243000,4243000,4243000,4243000,4243000,0,1,2795000,2795000,2795000,2795000,2795000,0
dmu58,30,NA,4741,4779.73333333333,4779.5,4771,4821,18.377147227736,4243000,4623966.66666667,4604500,4604500,5088000,230543.657819771,4243000,4623966.66666667,4604500,4604500,5088000,230543.657819771,1,4950000,4950000,4950000,4950000,4950000,0
dmu60,30,180000,4864,4946.66666666667,4940.5,5005,5047,49.5046729478962,50000,149166.666666667,159000,159000,180000,31966.6672659499,180000,180000,180000,180000,180000,0,1,145000,145000,145000,145000,145000,0
dmu60,30,300000,4851,4909.06666666667,4903.5,4914,5001,39.8219600942385,83000,242866.666666667,276500,283000,300000,60599.1540474318,300000,3e+05,300000,300000,300000,0,1,259000,259000,259000,259000,259000,0
dmu60,30,1800000,4790,4837.9,4821,4828,4994,52.9667104301665,270000,1355100,1478500,1478500,1780000,418805.225900274,1800000,1800000,1800000,1800000,1800000,0,1,1725000,1725000,1725000,1725000,1725000,0
dmu60,30,3600000,4763,4813.66666666667,4790,4788,4989,60.9857718473423,270000,2797200,3049500,3049500,3428000,704602.817929706,3600000,3600000,3600000,3600000,3600000,0,1,3351000,3351000,3351000,3351000,3351000,0
dmu60,30,3815000,4763,4813.66666666667,4790,4788,4989,60.9857718473423,270000,2869933.33333333,3073000,3073000,3815000,692803.894894947,3815000,3815000,3815000,3815000,3815000,0,1,3351000,3351000,3351000,3351000,3351000,0
dmu60,30,NA,4763,4812.96666666667,4790,4780,4985,60.6365562513488,3815000,4453233.33333333,4476000,4367000,4857000,258436.370256325,3815000,4453233.33333333,4476000,4367000,4857000,258436.370256325,1,4662000,4662000,4662000,4662000,4662000,0
dmu59,30,180000,4755,4819.86666666667,4810,4787,4914,45.8669239500937,71000,150033.333333333,159000,177000,180000,27498.5684057883,180000,180000,180000,180000,180000,0,1,127000,127000,127000,127000,127000,0
dmu59,30,300000,4719,4787.76666666667,4777,4760,4890,39.204752820011,119000,242533.333333333,249500,299000,299000,51345.8411392671,300000,3e+05,300000,300000,300000,0,1,250000,250000,250000,250000,250000,0
dmu59,30,1800000,4685,4725.4,4719,4720,4876,38.9470020093619,485000,1325466.66666667,1409500,1409500,1799000,399265.25046626,1800000,1800000,1800000,1800000,1800000,0,1,1700000,1700000,1700000,1700000,1700000,0
dmu59,30,3600000,4653,4695.23333333333,4681.5,4694,4876,44.9740793801491,485000,2954166.66666667,3261500,3261500,3589000,798689.101972223,3600000,3600000,3600000,3600000,3600000,0,1,2892000,2892000,2892000,2892000,2892000,0
dmu59,30,4176000,4653,4695.23333333333,4681.5,4694,4876,44.9740793801491,485000,2996000,3277000,3277000,4176000,829176.991213951,4176000,4176000,4176000,4176000,4176000,0,1,2892000,2892000,2892000,2892000,2892000,0
dmu59,30,NA,4653,4692.1,4679,4675,4831,39.6348418648942,4176000,4731433.33333333,4666500,4666500,6139000,389461.315270149,4176000,4731433.33333333,4666500,4666500,6139000,389461.315270149,1,4439000,4439000,4439000,4439000,4439000,0
dmu57,30,180000,4811,4872.13333333333,4871.5,4863,4935,28.0660960435618,36000,142033.333333333,145500,158500,180000,30836.0328113107,180000,180000,180000,180000,180000,0,1,159000,159000,159000,159000,159000,0
dmu57,30,300000,4763,4836,4837,4842,4920,37.7048428244144,127000,253300,264000,296000,296000,44221.3476299275,300000,3e+05,300000,300000,300000,0,1,240000,240000,240000,240000,240000,0
dmu57,30,1800000,4710,4751.66666666667,4751,4755,4796,21.8795028206347,478000,1346933.33333333,1479500,1479500,1784000,386070.114530163,1800000,1800000,1800000,1800000,1800000,0,1,491000,491000,491000,491000,491000,0
dmu57,30,3600000,4681,4722.66666666667,4722.5,4719,4792,23.3361246277885,2344000,3024133.33333333,3054000,3054000,3558000,332149.294780207,3600000,3600000,3600000,3600000,3600000,0,1,3281000,3281000,3281000,3281000,3281000,0
dmu57,30,4443000,4681,4722.66666666667,4722.5,4719,4792,23.3361246277885,2344000,3071600,3085000,3085000,4443000,421202.514974317,4443000,4443000,4443000,4443000,4443000,0,1,3281000,3281000,3281000,3281000,3281000,0
dmu57,30,NA,4681,4720.86666666667,4720,4712,4792,23.5573157731687,4443000,4746166.66666667,4766500,4766500,5240000,182013.656807306,4443000,4746166.66666667,4766500,4766500,5240000,182013.656807306,1,4663000,4663000,4663000,4663000,4663000,0
dmu56,30,180000,5067,5130.73333333333,5137,5110,5179,33.3724368338586,52000,141033.333333333,154000,167000,176000,33287.1346518942,180000,180000,180000,180000,180000,0,1,158000,158000,158000,158000,158000,0
dmu56,30,300000,5027,5103.83333333333,5103.5,5118,5164,37.3271495289156,52000,212633.333333333,237500,228500,300000,74449.9291740629,300000,3e+05,300000,300000,300000,0,1,297000,297000,297000,297000,297000,0
dmu56,30,1800000,4991,5035.73333333333,5032.5,5041,5121,29.305681846798,340000,1382766.66666667,1497500,1497500,1794000,354362.534344598,1800000,1800000,1800000,1800000,1800000,0,1,1198000,1198000,1198000,1198000,1198000,0
dmu56,30,3600000,4958,5013.03333333333,5007,5001,5100,32.5772115541475,2209000,2914733.33333333,2975000,2975000,3554000,354468.123495911,3600000,3600000,3600000,3600000,3600000,0,1,3034000,3034000,3034000,3034000,3034000,0
dmu56,30,4300000,4958,5013.03333333333,5007,5001,5100,32.5772115541475,2209000,2962000,2985500,2985500,4300000,435282.310294333,4300000,4300000,4300000,4300000,4300000,0,1,3034000,3034000,3034000,3034000,3034000,0
dmu56,30,NA,4952,5011.86666666667,5007,5013,5100,32.7116275154974,4300000,4539600,4507500,4714500,4859000,174198.380767644,4300000,4539600,4507500,4714500,4859000,174198.380767644,1,4689000,4689000,4689000,4689000,4689000,0
dmu61,30,180000,5297,5420.13333333333,5424,5421,5532,54.9901140540567,93000,154900,159500,172000,179000,19889.9558779698,180000,180000,180000,180000,180000,0,1,177000,177000,177000,177000,177000,0
dmu61,30,300000,5268,5374.73333333333,5371,5375.5,5486,53.4040766449421,214000,268033.333333333,272500,278500,300000,22942.932700933,300000,3e+05,300000,300000,300000,0,1,277000,277000,277000,277000,277000,0
dmu61,30,1800000,5230,5257.06666666667,5257,5263,5288,16.0256977540994,663000,1440766.66666667,1593000,1756000,1799000,316870.329546845,1800000,1800000,1800000,1800000,1800000,0,1,1626000,1626000,1626000,1626000,1626000,0
dmu61,30,3600000,5199,5223.8,5226,5228.5,5255,14.1626025272486,1980000,3033066.66666667,3112500,3112500,3530000,391479.592398337,3600000,3600000,3600000,3600000,3600000,0,1,3293000,3293000,3293000,3293000,3293000,0
dmu61,30,3800000,5199,5223.8,5226,5228.5,5255,14.1626025272486,1980000,3081633.33333333,3184500,3184500,3800000,393291.370740385,3800000,3800000,3800000,3800000,3800000,0,1,3293000,3293000,3293000,3293000,3293000,0
dmu61,30,NA,5193,5222.03333333333,5224,5224,5253,14.882258202148,3800000,4437200,4502500,4502500,5139000,414315.422070573,3800000,4437200,4502500,4502500,5139000,414315.422070573,1,5139000,5139000,5139000,5139000,5139000,0
dmu64,30,180000,5407,5515.06666666667,5514,5518,5649,54.738206623599,84000,151366.666666667,158000,180000,180000,30067.1470767237,180000,180000,180000,180000,180000,0,1,180000,180000,180000,180000,180000,0
dmu64,30,300000,5388,5463.53333333333,5464,5449.5,5562,41.8459682343624,152000,258166.666666667,272500,277000,300000,38364.9295071939,300000,3e+05,300000,300000,300000,0,1,189000,189000,189000,189000,189000,0
dmu64,30,1800000,5308,5339.7,5339,5333,5375,19.6225591497696,749000,1594533.33333333,1701500,1701500,1794000,232847.105871307,1800000,1800000,1800000,1800000,1800000,0,1,1716000,1716000,1716000,1716000,1716000,0
dmu64,30,3600000,5271,5301.03333333333,5301.5,5312,5341,19.2595401050355,2819000,3313366.66666667,3335500,3335500,3591000,217719.288318116,3600000,3600000,3600000,3600000,3600000,0,1,3464000,3464000,3464000,3464000,3464000,0
dmu64,30,4533000,5271,5301.03333333333,5301.5,5312,5341,19.2595401050355,2819000,3357033.33333333,3373000,3373000,4533000,310549.289034028,4533000,4533000,4533000,4533000,4533000,0,1,3464000,3464000,3464000,3464000,3464000,0
dmu64,30,NA,5271,5298.76666666667,5298.5,5303,5341,19.8419328405923,4533000,4842166.66666667,4863500,4882000,5092000,140813.91078748,4533000,4842166.66666667,4863500,4882000,5092000,140813.91078748,2,4711000,4711000,4796500,4796500,4882000,120915.2595829
dmu62,30,180000,5360,5418.36666666667,5409.5,5436,5482,31.8438900471242,81000,149533.333333333,156000,179000,179000,26038.0799828905,180000,180000,180000,180000,180000,0,1,138000,138000,138000,138000,138000,0
dmu62,30,300000,5344,5388.86666666667,5381.5,5367,5461,31.4606851903082,94000,253633.333333333,254000,289500,299000,42007.7852664063,300000,3e+05,300000,300000,300000,0,1,279000,279000,279000,279000,279000,0
dmu62,30,1800000,5287,5324.5,5325,5315,5352,17.2601794053089,687000,1343133.33333333,1409500,1757000,1789000,325556.471433074,1800000,1800000,1800000,1800000,1800000,0,1,1757000,1757000,1757000,1757000,1757000,0
dmu62,30,3537000,5271,5300.3,5301,5307,5327,18.0060334715703,984000,2859466.66666667,2986500,3425000,3537000,605086.299535081,3537000,3537000,3537000,3537000,3537000,0,1,2944000,2944000,2944000,2944000,2944000,0
dmu62,30,NA,5271,5296.53333333333,5291.5,5290,5327,16.5628028057334,3537000,4377400,4554000,4554000,4958000,424220.632251174,3537000,4377400,4554000,4554000,4958000,424220.632251174,1,4745000,4745000,4745000,4745000,4745000,0
dmu65,30,180000,5265,5350.53333333333,5347.5,5352,5436,44.3121632973606,109000,160866.666666667,169500,179000,180000,19318.9800068675,180000,180000,180000,180000,180000,0,1,177000,177000,177000,177000,177000,0
dmu65,30,300000,5265,5323.43333333333,5321,5312,5416,36.6913344400078,139000,246266.666666667,262500,292500,300000,47572.763385071,300000,3e+05,300000,300000,300000,0,1,177000,177000,177000,177000,177000,0
dmu65,30,1800000,5206,5239.8,5238,5229,5275,17.2354886488755,610000,1379433.33333333,1454500,1454500,1798000,330074.984514578,1800000,1800000,1800000,1800000,1800000,0,1,1791000,1791000,1791000,1791000,1791000,0
dmu65,30,3600000,5197,5218.33333333333,5222.5,5197,5257,16.3608728654537,1044000,2975166.66666667,3127000,3127000,3564000,587952.266613619,3600000,3600000,3600000,3600000,3600000,0,5,3022000,3022000,3216000,3216000,3290000,112312.955619554
dmu65,30,3830000,5197,5218.33333333333,5222.5,5197,5257,16.3608728654537,1044000,3011866.66666667,3156000,3156000,3830000,606137.672613177,3830000,3830000,3830000,3830000,3830000,0,5,3022000,3022000,3216000,3216000,3290000,112312.955619554
dmu65,30,NA,5197,5215.16666666667,5212,5197,5257,16.8708754005715,3830000,4820033.33333333,4861000,4861000,5131000,255777.581629759,3830000,4820033.33333333,4861000,4861000,5131000,255777.581629759,9,4782000,4782000,4969000,4969000,5006000,99373.593630859
dmu63,30,180000,5446,5540.8,5543,5527,5657,42.570347458749,101000,157800,159000,179000,180000,19867.4920757329,180000,180000,180000,180000,180000,0,1,180000,180000,180000,180000,180000,0
dmu63,30,300000,5439,5500.5,5502.5,5466,5572,34.2271821802497,142000,260033.333333333,274500,291000,300000,38731.1541120398,300000,3e+05,300000,300000,300000,0,1,222000,222000,222000,222000,222000,0
dmu63,30,1800000,5380,5413.33333333333,5411.5,5407,5478,21.7958131590535,540000,1374533.33333333,1452500,1775000,1775000,340060.413834764,1800000,1800000,1800000,1800000,1800000,0,1,1707000,1707000,1707000,1707000,1707000,0
dmu63,30,3600000,5347,5385.56666666667,5383,5393,5444,22.8408033757697,2059000,3040666.66666667,3093000,3093000,3598000,448277.802825153,3600000,3600000,3600000,3600000,3600000,0,1,3465000,3465000,3465000,3465000,3465000,0
dmu63,30,3827000,5347,5385.56666666667,5383,5393,5444,22.8408033757697,2059000,3093933.33333333,3128500,3128500,3827000,443420.63266301,3827000,3827000,3827000,3827000,3827000,0,1,3465000,3465000,3465000,3465000,3465000,0
dmu63,30,NA,5347,5383.73333333333,5379,5392,5442,23.2556012286448,3827000,4664066.66666667,4741500,4812000,5234000,336187.133165068,3827000,4664066.66666667,4741500,4812000,5234000,336187.133165068,1,4867000,4867000,4867000,4867000,4867000,0
dmu66,30,180000,5952,6019.3,6004.5,5984,6116,48.0941246680528,103000,153633.333333333,157000,178000,180000,24679.299343619,180000,180000,180000,180000,180000,0,1,158000,158000,158000,158000,158000,0
dmu66,30,300000,5927,5989.53333333333,5976.5,6005,6074,40.9673825961778,120000,247500,258000,230000,300000,47159.1216905138,300000,3e+05,300000,300000,300000,0,1,261000,261000,261000,261000,261000,0
dmu66,30,1800000,5851,5895.33333333333,5887.5,5912,5967,29.1255703905471,592000,1460866.66666667,1602000,1783000,1783000,344620.804436666,1800000,1800000,1800000,1800000,1800000,0,1,1551000,1551000,1551000,1551000,1551000,0
dmu66,30,3600000,5789,5857.66666666667,5854.5,5854,5933,31.3559468410515,1157000,2978733.33333333,3168000,3168000,3592000,621986.912676006,3600000,3600000,3600000,3600000,3600000,0,1,2758000,2758000,2758000,2758000,2758000,0
dmu66,30,4900000,5789,5857.3,5854.5,5855,5933,31.4644298347767,1157000,3022600,3168000,3168000,4900000,706773.953035661,4900000,4900000,4900000,4900000,4900000,0,1,2758000,2758000,2758000,2758000,2758000,0
dmu66,30,NA,5764,5834.56666666667,5840.5,5843,5891,29.9144565827908,4900000,6739533.33333333,6796500,6789500,7490000,547289.479811775,4900000,6739533.33333333,6796500,6789500,7490000,547289.479811775,1,7464000,7464000,7464000,7464000,7464000,0
dmu69,30,180000,5912,6036.93333333333,6050,6011,6138,49.8383132867111,43000,156266.666666667,168000,171000,179000,28878.9785535924,180000,180000,180000,180000,180000,0,1,139000,139000,139000,139000,139000,0
dmu69,30,300000,5880,6003.93333333333,6003,5981,6132,56.1592153725848,167000,259966.666666667,274000,288000,300000,36786.8823447119,300000,3e+05,300000,300000,300000,0,1,197000,197000,197000,197000,197000,0
dmu69,30,1800000,5823,5890.5,5893.5,5857,5960,39.0964766028682,655000,1428300,1510000,1585000,1786000,303430.745379204,1800000,1800000,1800000,1800000,1800000,0,1,1337000,1337000,1337000,1337000,1337000,0
dmu69,30,3600000,5787,5852.06666666667,5853,5860,5909,29.4512259955961,1969000,3314166.66666667,3461000,3461000,3586000,374771.29424291,3600000,3600000,3600000,3600000,3600000,0,1,3447000,3447000,3447000,3447000,3447000,0
dmu69,30,5177000,5787,5852,5853,5860,5909,29.3433890809944,1969000,3367700,3461000,3461000,5177000,504851.02958097,5177000,5177000,5177000,5177000,5177000,0,1,3447000,3447000,3447000,3447000,3447000,0
dmu69,30,NA,5780,5827.1,5818.5,5813,5897,31.1806195333377,5177000,6540300,6555000,6555000,7591000,519710.473111779,5177000,6540300,6555000,6555000,7591000,519710.473111779,1,6561000,6561000,6561000,6561000,6561000,0
dmu67,30,180000,6031,6134.3,6128.5,6116,6236,45.5708239995724,112000,156066.666666667,161500,174000,180000,20473.5882563842,180000,180000,180000,180000,180000,0,1,177000,177000,177000,177000,177000,0
dmu67,30,300000,5965,6093.83333333333,6090.5,6072,6173,47.8849795276955,112000,243266.666666667,259500,290500,300000,52771.4220815182,300000,3e+05,300000,300000,300000,0,1,299000,299000,299000,299000,299000,0
dmu67,30,1800000,5895,5970.96666666667,5974,5959,6048,35.899748662393,742000,1442000,1512000,1512000,1791000,302664.147541291,1800000,1800000,1800000,1800000,1800000,0,1,1667000,1667000,1667000,1667000,1667000,0
dmu67,30,3600000,5885,5934.06666666667,5930,5900,6018,32.3791475397716,2012000,3214400,3342500,3342500,3571000,372614.490620923,3600000,3600000,3600000,3600000,3600000,0,1,3335000,3335000,3335000,3335000,3335000,0
dmu67,30,4695000,5885,5934.03333333333,5929.5,5900,6018,32.3797332669184,2012000,3263200,3361000,3361000,4695000,460391.991901354,4695000,4695000,4695000,4695000,4695000,0,1,3335000,3335000,3335000,3335000,3335000,0
dmu67,30,NA,5851,5916.93333333333,5914,5914,5980,33.8331946093074,4695000,6264933.33333333,6315000,6315000,6853000,460866.195955738,4695000,6264933.33333333,6315000,6315000,6853000,460866.195955738,1,6760000,6760000,6760000,6760000,6760000,0
dmu68,30,180000,5977,6086.3,6081.5,6058,6213,51.0268016120805,78000,145033.333333333,153000,157000,180000,27100.6849809517,180000,180000,180000,180000,180000,0,1,154000,154000,154000,154000,154000,0
dmu68,30,300000,5977,6050.86666666667,6051,6046,6181,41.5299919321574,78000,240866.666666667,255000,275500,296000,51830.4486021378,300000,3e+05,300000,300000,300000,0,1,154000,154000,154000,154000,154000,0
dmu68,30,1800000,5879,5933.76666666667,5933.5,5933.5,5982,25.0759994242789,997000,1565600,1673500,1696500,1798000,260579.010454901,1800000,1800000,1800000,1800000,1800000,0,1,1677000,1677000,1677000,1677000,1677000,0
dmu68,30,3600000,5817,5889.3,5895.5,5897,5945,28.391535892671,2265000,3340066.66666667,3462500,3457000,3597000,343556.845001124,3600000,3600000,3600000,3600000,3600000,0,1,3082000,3082000,3082000,3082000,3082000,0
dmu68,30,6051000,5817,5889.16666666667,5895.5,5897,5945,28.6489854587574,2265000,3423200,3462500,3457000,6051000,602227.84094875,6051000,6051000,6051000,6051000,6051000,0,1,3082000,3082000,3082000,3082000,3082000,0
dmu68,30,NA,5802,5869.36666666667,5869,5877,5918,28.2543659529337,6051000,6453466.66666667,6436500,6436500,7357000,291242.017304643,6051000,6453466.66666667,6436500,6436500,7357000,291242.017304643,1,6115000,6115000,6115000,6115000,6115000,0
dmu70,30,180000,6134,6226.93333333333,6223,6249,6328,51.3667901122582,46000,140533.333333333,145500,174000,180000,36788.991356892,180000,180000,180000,180000,180000,0,1,146000,146000,146000,146000,146000,0
dmu70,30,300000,6111,6193.66666666667,6196.5,6171,6285,48.125076503895,96000,248433.333333333,264000,292000,298000,54514.5873128015,300000,3e+05,300000,300000,300000,0,1,247000,247000,247000,247000,247000,0
dmu70,30,1800000,5999,6085.26666666667,6082,6073.5,6198,48.469637373581,546000,1428600,1561000,1200000,1800000,355646.337309102,1800000,1800000,1800000,1800000,1800000,0,1,1787000,1787000,1787000,1787000,1787000,0
dmu70,30,3600000,5972,6038.7,6031.5,6021,6148,43.1294363035511,1802000,3250833.33333333,3352500,3352500,3600000,364541.477071879,3600000,3600000,3600000,3600000,3600000,0,1,3365000,3365000,3365000,3365000,3365000,0
dmu70,30,5020000,5972,6038.66666666667,6031,6026,6148,43.1351791251748,1802000,3306700,3360000,3360000,5020000,487126.06525239,5020000,5020000,5020000,5020000,5020000,0,1,3365000,3365000,3365000,3365000,3365000,0
dmu70,30,NA,5951,6015.06666666667,6008.5,6009,6114,41.9440788088907,5020000,6445500,6551000,6543000,7077000,445901.701708131,5020000,6445500,6551000,6543000,7077000,445901.701708131,1,6821000,6821000,6821000,6821000,6821000,0
dmu73,30,180000,6396,6515.83333333333,6495,6506.5,6690,71.3307417082122,74000,153566.666666667,160000,179000,180000,24619.4250938974,180000,180000,180000,180000,180000,0,1,172000,172000,172000,172000,172000,0
dmu73,30,300000,6373,6470.7,6445.5,6434,6631,64.8755572695486,126000,255166.666666667,278500,284500,300000,46272.8663572891,300000,3e+05,300000,300000,300000,0,1,297000,297000,297000,297000,297000,0
dmu73,30,1800000,6227,6308,6305,6302,6407,42.9265611850334,1053000,1575800,1606000,1606000,1800000,188924.432986605,1800000,1800000,1800000,1800000,1800000,0,1,1744000,1744000,1744000,1744000,1744000,0
dmu73,30,3600000,6185,6260.43333333333,6257.5,6229,6359,40.8138611793569,2436000,3273233.33333333,3341000,3565000,3586000,327486.844519491,3600000,3600000,3600000,3600000,3600000,0,1,3270000,3270000,3270000,3270000,3270000,0
dmu73,30,5023000,6185,6260,6257.5,6229,6359,41.138957122215,2436000,3333733.33333333,3442000,3565000,5023000,457044.548747964,5023000,5023000,5023000,5023000,5023000,0,1,3270000,3270000,3270000,3270000,3270000,0
dmu73,30,NA,6185,6252.03333333333,6248,6258,6359,41.7690558067633,5023000,5455333.33333333,5456500,5456500,6077000,245405.833240585,5023000,5455333.33333333,5456500,5456500,6077000,245405.833240585,1,5156000,5156000,5156000,5156000,5156000,0
dmu75,30,180000,6472,6582.76666666667,6586.5,6579.5,6722,67.2323215237379,104000,164266.666666667,173000,179000,180000,18735.7915513989,180000,180000,180000,180000,180000,0,1,179000,179000,179000,179000,179000,0
dmu75,30,300000,6408,6517.86666666667,6528.5,6475,6617,58.644300856848,187000,277300,287000,297000,300000,30114.8949284523,300000,3e+05,300000,300000,300000,0,1,219000,219000,219000,219000,219000,0
dmu75,30,1800000,6287,6361.73333333333,6338.5,6299.5,6543,74.6342499417514,564000,1433200,1454000,1454000,1800000,327431.530089195,1800000,1800000,1800000,1800000,1800000,0,2,863000,863000,1031000,1031000,1199000,237587.87847868
dmu75,30,3600000,6228,6322.73333333333,6287,6264.5,6543,88.9280737385589,564000,2921600,3280000,3280000,3593000,845649.540192381,3600000,3600000,3600000,3600000,3600000,0,1,2887000,2887000,2887000,2887000,2887000,0
dmu75,30,4735000,6228,6322.73333333333,6287,6264.5,6543,88.9280737385589,564000,3052400,3290500,3290500,4735000,810685.091290927,4735000,4735000,4735000,4735000,4735000,0,1,2887000,2887000,2887000,2887000,2887000,0
dmu75,30,NA,6216,6314.96666666667,6281.5,6269,6543,90.9844561689952,4735000,5352566.66666667,5417500,5417500,5822000,284744.372150293,4735000,5352566.66666667,5417500,5417500,5822000,284744.372150293,1,5579000,5579000,5579000,5579000,5579000,0
dmu74,30,180000,6475,6584.33333333333,6577.5,6579,6747,63.8523800400706,97000,158733.333333333,164000,170000,179000,17955.7566090181,180000,180000,180000,180000,180000,0,1,179000,179000,179000,179000,179000,0
dmu74,30,300000,6430,6537.96666666667,6544.5,6514.5,6643,52.0440684177483,157000,264900,279500,282000,300000,35994.5877157606,300000,3e+05,300000,300000,300000,0,1,290000,290000,290000,290000,290000,0
dmu74,30,1800000,6287,6364.73333333333,6361.5,6359.5,6425,31.9211672646886,791000,1546133.33333333,1656500,1656500,1791000,279735.433300249,1800000,1800000,1800000,1800000,1800000,0,1,1568000,1568000,1568000,1568000,1568000,0
dmu74,30,3600000,6279,6320.8,6319,6316,6383,27.6958854158071,2617000,3284233.33333333,3339000,3436000,3583000,206064.048184109,3600000,3600000,3600000,3600000,3600000,0,1,3368000,3368000,3368000,3368000,3368000,0
dmu74,30,4860000,6279,6320.8,6319,6316,6383,27.6958854158071,2617000,3331700,3339000,3339000,4860000,353496.051775249,4860000,4860000,4860000,4860000,4860000,0,1,3368000,3368000,3368000,3368000,3368000,0
dmu74,30,NA,6272,6314.36666666667,6313,6313,6379,26.0324510130553,4860000,5356400,5388500,5196000,5688000,185178.683512942,4860000,5356400,5388500,5196000,5688000,185178.683512942,1,5538000,5538000,5538000,5538000,5538000,0
dmu72,30,180000,6678,6770.1,6767,6734.5,6895,54.6987675584541,77000,154400,167500,177000,180000,29279.391363563,180000,180000,180000,180000,180000,0,1,104000,104000,104000,104000,104000,0
dmu72,30,300000,6617,6723.3,6727.5,6733,6840,45.372899400413,77000,248366.666666667,275000,293000,300000,55733.654374041,300000,3e+05,300000,300000,300000,0,1,291000,291000,291000,291000,291000,0
dmu72,30,1800000,6531,6594.13333333333,6586.5,6582,6668,31.4793126741481,501000,1484000,1592000,1785000,1785000,325525.357876602,1800000,1800000,1800000,1800000,1800000,0,1,1716000,1716000,1716000,1716000,1716000,0
dmu72,30,3600000,6501,6553.2,6554,6557.5,6631,33.2642502519986,2116000,3202300,3297500,3297500,3572000,344321.236337673,3600000,3600000,3600000,3600000,3600000,0,1,3521000,3521000,3521000,3521000,3521000,0
dmu72,30,5216000,6501,6553.2,6554,6557.5,6631,33.2642502519986,2116000,3275100,3363000,3363000,5216000,501898.007910798,5216000,5216000,5216000,5216000,5216000,0,1,3521000,3521000,3521000,3521000,3521000,0
dmu72,30,NA,6491,6545.16666666667,6540.5,6533,6615,32.1795430126928,5216000,5535833.33333333,5516500,5516500,6099000,195643.603371615,5216000,5535833.33333333,5516500,5516500,6099000,195643.603371615,1,5572000,5572000,5572000,5572000,5572000,0
dmu71,30,180000,6467,6576.66666666667,6579.5,6526,6716,56.7689408363249,85000,154033.333333333,159500,171000,180000,22749.7379042626,180000,180000,180000,180000,180000,0,1,171000,171000,171000,171000,171000,0
dmu71,30,300000,6392,6521.66666666667,6515.5,6473,6634,54.406727102657,213000,269433.333333333,271500,265000,300000,22680.2106256311,300000,3e+05,300000,300000,300000,0,1,270000,270000,270000,270000,270000,0
dmu71,30,1800000,6320,6379.46666666667,6378,6378,6443,32.8137201469912,1206000,1567833.33333333,1635000,1666000,1799000,198717.627306434,1800000,1800000,1800000,1800000,1800000,0,1,1352000,1352000,1352000,1352000,1352000,0
dmu71,30,3600000,6254,6328.26666666667,6323.5,6357,6395,32.0063930395523,2338000,3267033.33333333,3347500,3347500,3597000,307327.01703934,3600000,3600000,3600000,3600000,3600000,0,1,3498000,3498000,3498000,3498000,3498000,0
dmu71,30,5328000,6254,6328.13333333333,6323.5,6357,6395,32.1663063525767,2338000,3326666.66666667,3347500,3347500,5328000,484447.095672734,5328000,5328000,5328000,5328000,5328000,0,1,3498000,3498000,3498000,3498000,3498000,0
dmu71,30,NA,6239,6315.5,6310.5,6298,6377,32.7032108515357,5328000,5645900,5640000,5678000,5927000,161432.242645381,5328000,5645900,5640000,5678000,5927000,161432.242645381,1,5572000,5572000,5572000,5572000,5572000,0
dmu76,30,180000,7127,7227.9,7224.5,7223,7356,50.8346542131007,64000,151366.666666667,160500,170000,180000,27051.0160856181,180000,180000,180000,180000,180000,0,1,170000,170000,170000,170000,170000,0
dmu76,30,300000,7126,7201.73333333333,7186,7178,7352,53.2708973619473,176000,251500,258000,270500,300000,40569.0131453331,300000,3e+05,300000,300000,300000,0,1,182000,182000,182000,182000,182000,0
dmu76,30,1800000,7049,7144.1,7140,7140,7332,59.0320485721162,531000,1306333.33333333,1378000,1378000,1796000,379350.291522441,1800000,1800000,1800000,1800000,1800000,0,1,1734000,1734000,1734000,1734000,1734000,0
dmu76,30,3600000,7049,7133.36666666667,7132,7140,7328,60.0341760903785,531000,2301766.66666667,2373500,2373500,3599000,989668.376478858,3600000,3600000,3600000,3600000,3600000,0,1,1734000,1734000,1734000,1734000,1734000,0
dmu76,30,5996000,7049,7131.56666666667,7128,7140,7328,60.8495506646676,531000,2389266.66666667,2373500,2373500,5996000,1184355.98485024,5996000,5996000,5996000,5996000,5996000,0,1,1734000,1734000,1734000,1734000,1734000,0
dmu76,30,NA,7035,7125.56666666667,7121.5,7121.5,7328,61.2584594205136,5996000,6712100,6718500,6859500,7147000,259677.830902195,5996000,6712100,6718500,6859500,7147000,259677.830902195,1,6584000,6584000,6584000,6584000,6584000,0
dmu78,30,180000,7148,7280.2,7272,7248,7484,75.1079223517733,46000,160933.333333333,171500,175000,180000,27574.267531252,180000,180000,180000,180000,180000,0,1,178000,178000,178000,178000,178000,0
dmu78,30,300000,7115,7231.03333333333,7230,7219,7391,65.920267059497,97000,262500,288500,300000,300000,50780.6303012586,300000,3e+05,300000,300000,300000,0,1,241000,241000,241000,241000,241000,0
dmu78,30,1800000,6971,7160.46666666667,7173,7173,7348,76.9839810176983,515000,1301466.66666667,1452500,1452500,1797000,387364.368551095,1800000,1800000,1800000,1800000,1800000,0,1,1559000,1559000,1559000,1559000,1559000,0
dmu78,30,3600000,6957,7142.93333333333,7135.5,7108,7348,75.38998988402,820000,2752766.66666667,3101500,3101500,3580000,859784.082090435,3600000,3600000,3600000,3600000,3600000,0,1,3534000,3534000,3534000,3534000,3534000,0
dmu78,30,6432000,6957,7142.8,7135.5,7108,7348,75.556053638205,820000,2934233.33333333,3156500,3156500,6432000,1031772.55189822,6432000,6432000,6432000,6432000,6432000,0,1,3534000,3534000,3534000,3534000,3534000,0
dmu78,30,NA,6957,7126.7,7110,7081.5,7348,77.6571376917973,6432000,6906500,6832500,6832500,7618000,292645.454550324,6432000,6906500,6832500,6832500,7618000,292645.454550324,1,6607000,6607000,6607000,6607000,6607000,0
dmu77,30,180000,7149,7290.56666666667,7292,7292,7438,72.3838824378854,104000,155933.333333333,157500,174000,180000,21478.0294051022,180000,180000,180000,180000,180000,0,1,179000,179000,179000,179000,179000,0
dmu77,30,300000,7111,7259.46666666667,7249,7249,7400,71.0763229082718,118000,248133.333333333,250000,290000,298000,40268.6952370195,300000,3e+05,300000,300000,300000,0,1,267000,267000,267000,267000,267000,0
dmu77,30,1800000,7084,7200.16666666667,7195,7215,7353,61.2862606717561,523000,1404433.33333333,1465500,1465500,1796000,353435.033617928,1800000,1800000,1800000,1800000,1800000,0,1,1655000,1655000,1655000,1655000,1655000,0
dmu77,30,3600000,7076,7189.73333333333,7191,7164,7353,65.5995864859409,633000,2348433.33333333,2380000,2380000,3583000,826084.018576274,3600000,3600000,3600000,3600000,3600000,0,1,2083000,2083000,2083000,2083000,2083000,0
dmu77,30,6111000,7076,7189.73333333333,7191,7164,7353,65.5995864859409,633000,2507333.33333333,2439000,2439000,6111000,1053411.12036362,6111000,6111000,6111000,6111000,6111000,0,1,2083000,2083000,2083000,2083000,2083000,0
dmu77,30,NA,7065,7182.13333333333,7176.5,7206,7353,65.5474207563966,6111000,6719333.33333333,6672000,6672000,7356000,317340.493013021,6111000,6719333.33333333,6672000,6672000,7356000,317340.493013021,1,7024000,7024000,7024000,7024000,7024000,0
dmu79,30,180000,7248,7382.83333333333,7385,7383.5,7526,64.6977499653173,59000,154933.333333333,163000,167000,180000,26047.6133440195,180000,180000,180000,180000,180000,0,1,172000,172000,172000,172000,172000,0
dmu79,30,300000,7228,7353.26666666667,7351.5,7340,7448,58.8469278683283,59000,246066.666666667,262500,260000,299000,53178.2515393427,300000,3e+05,300000,300000,300000,0,1,244000,244000,244000,244000,244000,0
dmu79,30,1800000,7184,7293.5,7286,7303,7431,57.507270904613,517000,1322333.33333333,1331000,1331000,1798000,355303.108416708,1800000,1800000,1800000,1800000,1800000,0,1,1709000,1709000,1709000,1709000,1709000,0
dmu79,30,3600000,7183,7277.66666666667,7281,7281,7391,46.7017930198014,1099000,2598766.66666667,2962000,2962000,3548000,883588.985559632,3600000,3600000,3600000,3600000,3600000,0,2,3496000,3496000,3522000,3522000,3548000,36769.5526217005
dmu79,30,6167000,7183,7277.46666666667,7281,7281,7391,46.7220197170112,1099000,2690466.66666667,2962000,2962000,6167000,1089974.8093683,6167000,6167000,6167000,6167000,6167000,0,2,3496000,3496000,3522000,3522000,3548000,36769.5526217005
dmu79,30,NA,7178,7265.66666666667,7268.5,7266,7326,38.4289163156522,6167000,6714966.66666667,6678000,6678000,7602000,322581.770797072,6167000,6714966.66666667,6678000,6678000,7602000,322581.770797072,1,6440000,6440000,6440000,6440000,6440000,0
dmu80,30,180000,7001,7114.1,7108,7108,7266,69.3001219086354,99000,157666.666666667,166000,150000,180000,21787.9013142193,180000,180000,180000,180000,180000,0,1,130000,130000,130000,130000,130000,0
dmu80,30,300000,6929,7069.93333333333,7071,7075.5,7181,61.4564232120857,150000,254900,277500,297000,299000,51248.1118239223,300000,3e+05,300000,300000,300000,0,1,259000,259000,259000,259000,259000,0
dmu80,30,1800000,6893,6999.56666666667,6989,6982,7121,51.6037176777112,201000,1284400,1295500,1295500,1798000,431165.2695373,1800000,1800000,1800000,1800000,1800000,0,1,1097000,1097000,1097000,1097000,1097000,0
dmu80,30,3600000,6889,6986.1,6978.5,6978.5,7097,47.2581684236558,818000,2431500,2624000,2624000,3599000,942848.572695787,3600000,3600000,3600000,3600000,3600000,0,1,3596000,3596000,3596000,3596000,3596000,0
dmu80,30,6075000,6889,6986.1,6978.5,6978.5,7097,47.2581684236558,818000,2584033.33333333,2752000,2752000,6075000,1136957.2667593,6075000,6075000,6075000,6075000,6075000,0,1,3596000,3596000,3596000,3596000,3596000,0
dmu80,30,NA,6888,6977.7,6970.5,6939.5,7095,48.8708008161703,6075000,7497266.66666667,7438000,8653000,10801000,1143047.67853415,6075000,7497266.66666667,7438000,8653000,10801000,1143047.67853415,1,6648000,6648000,6648000,6648000,6648000,0
ta11,30,180000,1366,1372.06666666667,1372,1372.5,1377,2.34790197371205,6000,83333.3333333333,84000,6000,175000,52047.2817756114,180000,180000,180000,180000,180000,0,1,22000,22000,22000,22000,22000,0
ta11,30,300000,1366,1370.16666666667,1370,1373,1373,2.29066069874646,6000,155533.333333333,153000,120500,282000,89458.8070617954,300000,3e+05,300000,300000,300000,0,2,22000,22000,132500,132500,243000,156270.598642227
ta11,30,1412000,1358,1365.3,1362,1361,1373,5.0797094676627,6000,754700,1005000,671000,1412000,517016.384053069,1412000,1412000,1412000,1412000,1412000,0,1,1285000,1285000,1285000,1285000,1285000,0
ta11,30,NA,1358,1361.5,1361,1361,1370,3.02575154528476,1412000,1809500,1849000,1789000,1951000,130129.842319389,1412000,1809500,1849000,1789000,1951000,130129.842319389,2,1868000,1868000,1897500,1897500,1927000,41719.3000900063
ta12,30,180000,1371,1375.23333333333,1376,1377,1377,1.88795334054948,7000,62233.3333333333,37500,12000,178000,58252.5318871581,180000,180000,180000,180000,180000,0,1,61000,61000,61000,61000,61000,0
ta12,30,300000,1371,1374.66666666667,1375,1373,1377,1.82574185835055,7000,97166.6666666667,71000,12000,300000,85719.3026720045,300000,3e+05,300000,300000,300000,0,1,61000,61000,61000,61000,61000,0
ta12,30,1486000,1367,1369.6,1367,1367,1377,3.86496197063862,9000,1036400,1358000,1352000,1486000,576771.310683521,1486000,1486000,1486000,1486000,1486000,0,20,1304000,1304000,1422000,1352000,1486000,57685.0797091642
ta12,30,NA,1367,1368.36666666667,1367,1367,1374,2.59287263585143,1486000,1839966.66666667,1842000,1838000,1951000,81525.3222067815,1486000,1839966.66666667,1842000,1838000,1951000,81525.3222067815,23,1486000,1486000,1848000,1841000,1951000,87893.9803323079
ta13,30,180000,1345,1355.96666666667,1357,1359,1361,3.57658412776612,7000,92500,93500,91000,153000,34065.6060747696,180000,180000,180000,180000,180000,0,1,61000,61000,61000,61000,61000,0
ta13,30,300000,1345,1354.83333333333,1354.5,1353,1361,3.4248919774894,36000,136966.666666667,112500,91000,275000,72709.3805707937,300000,3e+05,300000,300000,300000,0,1,61000,61000,61000,61000,61000,0
ta13,30,1328000,1342,1351.7,1353,1353,1360,5.5158080034601,41000,501300,241000,241000,1328000,486756.410793197,1328000,1328000,1328000,1328000,1328000,0,2,1142000,1142000,1206500,1206500,1271000,91216.7747730646
ta13,30,NA,1342,1346.3,1344.5,1344,1353,3.18563586463817,1328000,1783700,1789500,1789500,2001000,130140.547366935,1328000,1783700,1789500,1789500,2001000,130140.547366935,2,1989000,1989000,1995000,1995000,2001000,8485.28137423857
ta14,30,180000,1345,1345,1345,1345,1345,0,6000,13300,8000,6000,58000,12216.8622869349,180000,180000,180000,180000,180000,0,30,6000,6000,8000,6000,58000,12216.8622869349
ta14,30,300000,1345,1345,1345,1345,1345,0,6000,13300,8000,6000,58000,12216.8622869349,300000,3e+05,300000,300000,300000,0,30,6000,6000,8000,6000,58000,12216.8622869349
ta14,30,1372000,1345,1345,1345,1345,1345,0,6000,58733.3333333333,8000,6000,1372000,248335.831199348,1372000,1372000,1372000,1372000,1372000,0,30,6000,6000,8000,6000,1372000,248335.831199348
ta14,30,NA,1345,1345,1345,1345,1345,0,1372000,1746066.66666667,1750500,1748000,1856000,103711.115133812,1372000,1746066.66666667,1750500,1748000,1856000,103711.115133812,30,1372000,1372000,1750500,1748000,1856000,103711.115133812
ta15,30,180000,1348,1355.6,1356,1358,1360,3.23344590395341,6000,83766.6666666667,72500,17000,170000,59310.8022569904,180000,180000,180000,180000,180000,0,1,64000,64000,64000,64000,64000,0
ta15,30,300000,1346,1353.5,1354,1354,1359,3.20290816128954,6000,159666.666666667,183000,64000,299000,94276.6776781139,300000,3e+05,300000,300000,300000,0,1,221000,221000,221000,221000,221000,0
ta15,30,1800000,1339,1339.76666666667,1339,1339,1352,2.94411550248186,8000,1456400,1555500,1558500,1676000,387874.63314128,1800000,1800000,1800000,1800000,1800000,0,28,1442000,1442000,1558000,1558500,1676000,52280.885659015
ta15,30,1942000,1339,1339.76666666667,1339,1339,1352,2.94411550248186,8000,1518600,1558000,1558500,1942000,298108.589333623,1942000,1942000,1942000,1942000,1942000,0,28,1442000,1442000,1558000,1558500,1676000,52280.885659015
ta15,30,NA,1339,1339.76666666667,1339,1339,1352,2.94411550248186,1942000,2081533.33333333,2087500,2124000,2152000,45479.615239125,1942000,2081533.33333333,2087500,2124000,2152000,45479.615239125,28,2035000,2035000,2102500,2124000,2152000,36355.588786029
ta16,30,180000,1365,1370.26666666667,1370,1370,1378,2.67727773903905,6000,85033.3333333333,91500,91500,179000,56892.8110926415,180000,180000,180000,180000,180000,0,1,128000,128000,128000,128000,128000,0
ta16,30,300000,1365,1369.23333333333,1369,1368,1374,2.12835266285249,6000,136300,129000,129000,299000,80673.9499894269,300000,3e+05,300000,300000,300000,0,2,128000,128000,185000,185000,242000,80610.1730552664
ta16,30,1685000,1360,1361.26666666667,1360,1360,1372,3.34182825590335,86000,1140866.66666667,1217500,1218000,1685000,349154.025228599,1685000,1685000,1685000,1685000,1685000,0,26,1048000,1048000,1218000,1218000,1411000,76222.3468140817
ta16,30,NA,1360,1361.06666666667,1360,1360,1368,2.76596722913408,1685000,1863500,1870000,1891000,1942000,66497.9906359635,1685000,1863500,1870000,1891000,1942000,66497.9906359635,26,1808000,1808000,1896500,1891000,1942000,39131.9071071952
ta17,30,180000,1474,1477.53333333333,1478,1478,1480,1.81437427863947,6000,81600,79000,6000,179000,62806.5447940381,180000,180000,180000,180000,180000,0,1,6000,6000,6000,6000,6000,0
ta17,30,300000,1473,1476.73333333333,1477,1478,1480,1.8557149999177,6000,133333.333333333,145000,6000,297000,99153.0803017906,300000,3e+05,300000,300000,300000,0,1,208000,208000,208000,208000,208000,0
ta17,30,1800000,1469,1471.6,1471.5,1470,1478,2.06113460551924,6000,1330200,1395000,1395000,1751000,383969.682711252,1800000,1800000,1800000,1800000,1800000,0,7,1181000,1181000,1377000,1377000,1553000,114263.479980013
ta17,30,1895000,1469,1471.6,1471.5,1470,1478,2.06113460551924,6000,1359033.33333333,1395000,1395000,1895000,393020.441982465,1895000,1895000,1895000,1895000,1895000,0,7,1181000,1181000,1377000,1377000,1553000,114263.479980013
ta17,30,NA,1469,1471.56666666667,1471.5,1471,1478,2.02881540659149,1895000,1955300,1949000,1933000,2007000,30036.9312909843,1895000,1955300,1949000,1933000,2007000,30036.9312909843,7,1932000,1932000,1938000,1938000,1997000,31858.3172963103
ta18,30,180000,1411,1419.1,1419.5,1420,1424,2.79593300694247,32000,94766.6666666667,88500,81000,180000,43349.965861923,180000,180000,180000,180000,180000,0,1,42000,42000,42000,42000,42000,0
ta18,30,300000,1411,1418,1418.5,1419.5,1424,2.79161305489781,32000,148600,153000,185000,297000,81467.4041014839,300000,3e+05,300000,300000,300000,0,1,42000,42000,42000,42000,42000,0
ta18,30,1800000,1398,1406.5,1405.5,1401,1413,5.85897484265776,864000,1243366.66666667,1280000,1280000,1752000,217553.240940415,1800000,1800000,1800000,1800000,1800000,0,1,1224000,1224000,1224000,1224000,1224000,0
ta18,30,1812000,1398,1406.5,1405.5,1401,1413,5.85897484265776,864000,1274800,1284000,1284000,1812000,229399.876739888,1812000,1812000,1812000,1812000,1812000,0,1,1224000,1224000,1224000,1224000,1224000,0
ta18,30,NA,1398,1406.5,1405.5,1401,1413,5.85897484265776,1812000,2015266.66666667,1989500,1989500,2276000,164968.32158459,1812000,2015266.66666667,1989500,1989500,2276000,164968.32158459,1,2006000,2006000,2006000,2006000,2006000,0
ta19,30,180000,1343,1343.56666666667,1343,1343,1345,0.817200154156877,6000,69833.3333333333,57500,9000,161000,52192.0084603614,180000,180000,180000,180000,180000,0,19,6000,6000,84000,84000,161000,51374.7269880767
ta19,30,300000,1335,1342.83333333333,1343,1343,1345,1.68325082306035,6000,125700,110500,110500,293000,92774.1603442802,300000,3e+05,300000,300000,300000,0,1,280000,280000,280000,280000,280000,0
ta19,30,1748000,1335,1339.3,1340,1337,1344,2.62809751564209,11000,1028700,1189500,1189500,1748000,533187.108905915,1748000,1748000,1748000,1748000,1748000,0,2,280000,280000,729500,729500,1179000,635688.996286706
ta19,30,NA,1335,1338.9,1340,1337,1342,2.13912647334502,1748000,1859200,1860500,1785000,1979000,65497.2492183635,1748000,1859200,1860500,1785000,1979000,65497.2492183635,2,1875000,1875000,1901500,1901500,1928000,37476.659402887
ta20,30,180000,1354,1362.43333333333,1364,1364,1368,3.72024594416249,6000,68900,68500,30000,176000,46845.5643209869,180000,180000,180000,180000,180000,0,1,6000,6000,6000,6000,6000,0
ta20,30,300000,1354,1361.73333333333,1363,1364,1366,3.28983107556408,6000,107833.333333333,86500,73500,255000,82942.4741793281,300000,3e+05,300000,300000,300000,0,1,6000,6000,6000,6000,6000,0
ta20,30,1704000,1351,1359.5,1360,1355,1366,4.26493319671174,8000,401900,199500,199500,1704000,462475.598610721,1704000,1704000,1704000,1704000,1704000,0,1,959000,959000,959000,959000,959000,0
ta20,30,NA,1351,1355.13333333333,1355,1355,1361,1.73668994182122,1704000,1766666.66666667,1747500,1740000,1842000,39030.7865517795,1704000,1766666.66666667,1747500,1740000,1842000,39030.7865517795,2,1767000,1767000,1788500,1788500,1810000,30405.5915910215
ta21,30,180000,1647,1653.93333333333,1655,1647,1661,4.6899256176245,8000,85566.6666666667,87500,43000,179000,51732.5238412791,180000,180000,180000,180000,180000,0,6,36000,36000,49000,49000,179000,54602.8082305907
ta21,30,300000,1647,1652.43333333333,1653,1647,1659,4.06569613442412,8000,126466.666666667,121500,43000,274000,79430.1833246563,300000,3e+05,300000,300000,300000,0,8,36000,36000,70500,70500,229000,81550.0503634775
ta21,30,1800000,1647,1647.03333333333,1647,1647,1648,0.182574185835055,36000,705066.666666667,835000,835000,1533000,445291.607928955,1800000,1800000,1800000,1800000,1800000,0,29,36000,36000,812000,812000,1295000,424312.184658019
ta21,30,2077000,1647,1647.03333333333,1647,1647,1648,0.182574185835055,36000,744100,835000,835000,2077000,510117.386760991,2077000,2077000,2077000,2077000,2077000,0,29,36000,36000,812000,812000,2077000,496507.397788908
ta21,30,NA,1647,1647.03333333333,1647,1647,1648,0.182574185835055,2077000,2361533.33333333,2417000,2483500,2588000,172815.375539876,2077000,2361533.33333333,2417000,2483500,2588000,172815.375539876,29,2077000,2077000,2427000,2483500,2588000,175816.441729054
ta22,30,180000,1609,1616.46666666667,1617.5,1618,1620,2.72578154984424,6000,89433.3333333333,102000,52000,159000,48815.4041073196,180000,180000,180000,180000,180000,0,1,122000,122000,122000,122000,122000,0
ta22,30,300000,1609,1615.8,1616,1617,1619,2.5379872557491,7000,140000,126000,98000,274000,73973.9003367707,300000,3e+05,300000,300000,300000,0,1,122000,122000,122000,122000,122000,0
ta22,30,1800000,1600,1609.03333333333,1612,1601,1617,6.98018542058498,147000,1069766.66666667,1237500,1237500,1742000,558663.903855676,1800000,1800000,1800000,1800000,1800000,0,2,1400000,1400000,1494500,1494500,1589000,133643.181644257
ta22,30,1948000,1600,1609.03333333333,1612,1601,1617,6.98018542058498,147000,1096900,1292000,1292000,1948000,581203.76568066,1948000,1948000,1948000,1948000,1948000,0,2,1400000,1400000,1494500,1494500,1589000,133643.181644257
ta22,30,NA,1600,1608.63333333333,1612,1606.5,1617,6.74400542670321,1948000,2367766.66666667,2461000,2461000,2676000,224392.46458141,1948000,2367766.66666667,2461000,2461000,2676000,224392.46458141,3,2034000,2034000,2462000,2462000,2502000,259425.005219877
ta23,30,180000,1563,1567.3,1567,1567,1572,2.27656728885611,12000,80266.6666666667,83000,66500,154000,44581.5280545448,180000,180000,180000,180000,180000,0,1,118000,118000,118000,118000,118000,0
ta23,30,300000,1560,1566.2,1566,1565,1570,2.1559860533104,12000,132166.666666667,124500,97000,273000,82991.9328582015,300000,3e+05,300000,300000,300000,0,1,181000,181000,181000,181000,181000,0
ta23,30,1800000,1559,1563,1564,1564,1565,1.61885442680076,41000,1244900,1505000,1505000,1765000,558199.219782254,1800000,1800000,1800000,1800000,1800000,0,1,1756000,1756000,1756000,1756000,1756000,0
ta23,30,2217000,1559,1563,1564,1564,1565,1.61885442680076,41000,1263933.33333333,1505000,1505000,2217000,581592.162669134,2217000,2217000,2217000,2217000,2217000,0,1,1756000,1756000,1756000,1756000,1756000,0
ta23,30,NA,1558,1562.6,1564,1564,1564,2.0777972421077,2217000,2321866.66666667,2291500,2256000,2545000,84106.1453055656,2217000,2321866.66666667,2291500,2256000,2545000,84106.1453055656,2,2378000,2378000,2401000,2401000,2424000,32526.9119345812
ta24,30,180000,1655,1660.8,1659.5,1659,1668,3.16663641848832,8000,79033.3333333333,81000,84000,179000,50230.8349682662,180000,180000,180000,180000,180000,0,1,95000,95000,95000,95000,95000,0
ta24,30,300000,1652,1658.9,1659,1659,1664,2.61757982455761,13000,130266.666666667,94500,154000,296000,90644.4107234544,300000,3e+05,300000,300000,300000,0,1,229000,229000,229000,229000,229000,0
ta24,30,1800000,1647,1652.83333333333,1654,1654,1654,2.15091533576038,229000,1187000,1204500,1204500,1795000,418223.665617763,1800000,1800000,1800000,1800000,1800000,0,3,1675000,1675000,1758000,1758000,1795000,61451.8781920726
ta24,30,2386000,1647,1652.83333333333,1654,1654,1654,2.15091533576038,229000,1231266.66666667,1218500,1218500,2386000,471044.103164913,2386000,2386000,2386000,2386000,2386000,0,3,1675000,1675000,1758000,1758000,1795000,61451.8781920726
ta24,30,NA,1647,1651.66666666667,1654,1654,1654,3.35624311039769,2386000,2537400,2523000,2397000,2799000,120068.256449807,2386000,2537400,2523000,2397000,2799000,120068.256449807,10,2648000,2648000,2670500,2670500,2799000,43958.1872035486
ta25,30,180000,1598,1606.33333333333,1607.5,1599,1617,6.78402450657035,6000,76200,68000,68000,179000,50716.5211468746,180000,180000,180000,180000,180000,0,4,51000,51000,62000,62000,89000,16370.7055437449
ta25,30,300000,1598,1603.93333333333,1603.5,1599,1613,5.50819660915054,6000,120866.666666667,91500,89000,299000,82438.580411297,300000,3e+05,300000,300000,300000,0,5,51000,51000,65000,65000,227000,73383.9219447966
ta25,30,1800000,1596,1597.2,1597,1597,1603,1.32352715798771,51000,1285233.33333333,1388000,1687000,1771000,428484.955945088,1800000,1800000,1800000,1800000,1800000,0,8,1323000,1323000,1673500,1687000,1722000,129223.988816761
ta25,30,2324000,1596,1597.16666666667,1597,1597,1603,1.3412123525798,51000,1316633.33333333,1403500,1687000,2324000,468470.547658002,2324000,2324000,2324000,2324000,2324000,0,9,1323000,1323000,1687000,1687000,2324000,260604.585531414
ta25,30,NA,1596,1596.76666666667,1596,1596,1603,1.47819398972678,2324000,2427533.33333333,2442500,2439000,2570000,57484.470666573,2324000,2427533.33333333,2442500,2439000,2570000,57484.470666573,21,2324000,2324000,2448000,2449000,2495000,60032.7291685841
ta26,30,180000,1651,1659.8,1661,1661,1667,4.0034467908162,6000,88033.3333333333,86500,49000,172000,56886.7497652184,180000,180000,180000,180000,180000,0,1,126000,126000,126000,126000,126000,0
ta26,30,300000,1651,1658.36666666667,1660,1654,1667,3.75530276416892,6000,130700,142000,80000,276000,84263.1960401251,300000,3e+05,300000,300000,300000,0,1,126000,126000,126000,126000,126000,0
ta26,30,1800000,1651,1651.9,1652,1652,1652,0.305128576629365,126000,1313033.33333333,1368000,1390000,1684000,266321.750355925,1800000,1800000,1800000,1800000,1800000,0,3,126000,126000,1365000,1365000,1371000,717075.309852459
ta26,30,1881000,1651,1651.9,1652,1652,1652,0.305128576629365,126000,1337633.33333333,1373000,1390000,1881000,283598.244648686,1881000,1881000,1881000,1881000,1881000,0,3,126000,126000,1365000,1365000,1371000,717075.309852459
ta26,30,NA,1651,1651.9,1652,1652,1652,0.305128576629365,1881000,2386866.66666667,2374000,2367000,2648000,153695.115425791,1881000,2386866.66666667,2374000,2367000,2648000,153695.115425791,3,2475000,2475000,2483000,2483000,2648000,97654.1516441228
ta27,30,180000,1686,1692.66666666667,1692.5,1691,1697,2.53708131702462,6000,84433.3333333333,87000,6000,179000,54620.1196562619,180000,180000,180000,180000,180000,0,1,37000,37000,37000,37000,37000,0
ta27,30,300000,1686,1691.76666666667,1692,1691.5,1695,1.97716853158724,6000,126766.666666667,131000,131000,287000,75961.2802153441,300000,3e+05,300000,300000,300000,0,1,37000,37000,37000,37000,37000,0
ta27,30,1800000,1686,1687.63333333333,1689,1689,1689,1.4967397519467,22000,1163100,1405000,1405000,1736000,562353.879871826,1800000,1800000,1800000,1800000,1800000,0,13,37000,37000,1422000,1422000,1736000,502967.463391788
ta27,30,1892000,1686,1687.63333333333,1689,1689,1689,1.4967397519467,22000,1224300,1420500,1420500,1892000,537050.575541685,1892000,1892000,1892000,1892000,1892000,0,13,37000,37000,1422000,1422000,1736000,502967.463391788
ta27,30,NA,1686,1687.63333333333,1689,1689,1689,1.4967397519467,1892000,2386200,2436000,2438000,2532000,134270.80202286,1892000,2386200,2436000,2438000,2532000,134270.80202286,13,2309000,2309000,2413000,2477000,2477000,56806.9154331199
ta28,30,180000,1615,1619.93333333333,1620,1622,1622,2.04995093857749,6000,58100,52500,10000,170000,50494.3492912309,180000,180000,180000,180000,180000,0,1,75000,75000,75000,75000,75000,0
ta28,30,300000,1615,1618.76666666667,1619,1617,1622,1.94197434787798,6000,140166.666666667,127500,10000,295000,107185.975450771,300000,3e+05,300000,300000,300000,0,2,75000,75000,162000,162000,249000,123036.579926459
ta28,30,1800000,1603,1615.53333333333,1615.5,1615,1617,2.55603860169078,21000,1096766.66666667,1214500,1214500,1630000,492380.192557528,1800000,1800000,1800000,1800000,1800000,0,1,1514000,1514000,1514000,1514000,1514000,0
ta28,30,1863000,1603,1615.53333333333,1615.5,1615,1617,2.55603860169078,21000,1121466.66666667,1256500,1256500,1863000,511889.113351531,1863000,1863000,1863000,1863000,1863000,0,1,1514000,1514000,1514000,1514000,1514000,0
ta28,30,NA,1603,1615.16666666667,1615,1615,1617,2.79264222103596,1863000,2352533.33333333,2375000,2296000,2920000,167850.453418046,1863000,2352533.33333333,2375000,2296000,2920000,167850.453418046,1,2920000,2920000,2920000,2920000,2920000,0
ta29,30,180000,1627,1631.13333333333,1631.5,1633,1635,2.23966335729792,6000,86366.6666666667,106000,140000,174000,58605.9213986821,180000,180000,180000,180000,180000,0,1,141000,141000,141000,141000,141000,0
ta29,30,300000,1627,1629.93333333333,1629,1629,1634,1.818171368831,6000,185333.333333333,192000,257000,297000,93709.1366882151,300000,3e+05,300000,300000,300000,0,1,141000,141000,141000,141000,141000,0
ta29,30,1800000,1625,1628.1,1628,1628,1629,0.803011572897238,21000,802700,969500,969500,1540000,520158.407569768,1800000,1800000,1800000,1800000,1800000,0,1,1276000,1276000,1276000,1276000,1276000,0
ta29,30,1850000,1625,1628.1,1628,1628,1629,0.803011572897238,21000,826966.666666667,969500,969500,1850000,551599.460086589,1850000,1850000,1850000,1850000,1850000,0,1,1276000,1276000,1276000,1276000,1276000,0
ta29,30,NA,1625,1627.9,1628,1628,1629,0.959525744924238,1850000,2248533.33333333,2268000,2268000,2578000,183897.785202266,1850000,2248533.33333333,2268000,2268000,2578000,183897.785202266,2,2526000,2526000,2552000,2552000,2578000,36769.5526217005
ta30,30,180000,1588,1600.3,1601,1601,1609,4.96990945591567,6000,91966.6666666667,92000,68000,174000,47832.6705068418,180000,180000,180000,180000,180000,0,2,113000,113000,142000,142000,171000,41012.1933088198
ta30,30,300000,1587,1598.16666666667,1599,1599,1605,4.80002394630042,6000,139533.333333333,156500,156500,266000,73078.9527383455,300000,3e+05,300000,300000,300000,0,1,206000,206000,206000,206000,206000,0
ta30,30,1800000,1584,1586.06666666667,1584,1584,1596,3.72256245943138,705000,1370966.66666667,1351000,1351000,1723000,196503.835767306,1800000,1800000,1800000,1800000,1800000,0,21,1171000,1171000,1335000,1335000,1594000,103766.863230811
ta30,30,2332000,1584,1586.06666666667,1584,1584,1596,3.72256245943138,705000,1392466.66666667,1351000,1351000,2332000,257952.111745616,2332000,2332000,2332000,2332000,2332000,0,21,1171000,1171000,1335000,1335000,1594000,103766.863230811
ta30,30,NA,1584,1585.93333333333,1584,1584,1592,3.41329382161039,2332000,2587966.66666667,2578000,2578000,2748000,120882.525856599,2332000,2587966.66666667,2578000,2578000,2748000,120882.525856599,21,2531000,2531000,2675000,2578000,2748000,78152.354258784
ta31,30,180000,1764,1764.13333333333,1764,1764,1766,0.434172485455305,6000,50000,36500,20000,156000,38114.1660694867,180000,180000,180000,180000,180000,0,27,6000,6000,42000,20000,156000,38980.600040112
ta31,30,300000,1764,1764,1764,1764,1764,0,6000,66500,44000,20000,213000,59059.730139393,300000,3e+05,300000,300000,300000,0,30,6000,6000,44000,20000,213000,59059.730139393
ta31,30,1800000,1764,1764,1764,1764,1764,0,6000,66500,44000,20000,213000,59059.730139393,1800000,1800000,1800000,1800000,1800000,0,30,6000,6000,44000,20000,213000,59059.730139393
ta31,30,2865000,1764,1764,1764,1764,1764,0,6000,159366.666666667,44000,20000,2865000,514408.698600055,2865000,2865000,2865000,2865000,2865000,0,30,6000,6000,44000,20000,2865000,514408.698600055
ta31,30,NA,1764,1764,1764,1764,1764,0,2865000,3266466.66666667,3377000,2997000,3540000,215597.283159476,2865000,3266466.66666667,3377000,2997000,3540000,215597.283159476,30,2865000,2865000,3377000,2997000,3540000,215597.283159476
ta32,30,180000,1812,1817.8,1817,1816,1826,3.31558493305116,8000,90266.6666666667,77000,103500,177000,51907.6988066539,180000,180000,180000,180000,180000,0,1,177000,177000,177000,177000,177000,0
ta32,30,300000,1811,1815.6,1816,1816,1819,2.0943273136145,25000,163666.666666667,161000,161000,298000,92254.6450875504,300000,3e+05,300000,300000,300000,0,1,246000,246000,246000,246000,246000,0
ta32,30,1800000,1803,1808.26666666667,1809.5,1811,1813,3.44346791249284,246000,1333866.66666667,1534000,1534000,1795000,504702.557219961,1800000,1800000,1800000,1800000,1800000,0,4,1503000,1503000,1639500,1639500,1741000,108383.193654121
ta32,30,2714000,1802,1808.1,1809.5,1811,1813,3.62320109942804,246000,1370900,1534000,1534000,2714000,562574.338382846,2714000,2714000,2714000,2714000,2714000,0,1,2714000,2714000,2714000,2714000,2714000,0
ta32,30,NA,1792,1801.33333333333,1802,1802,1807,2.88077256559983,2714000,3010200,2847000,2847000,3390000,238023.817991046,2714000,3010200,2847000,2847000,3390000,238023.817991046,1,3390000,3390000,3390000,3390000,3390000,0
ta33,30,180000,1804,1809.46666666667,1810,1811,1814,2.40306317929391,29000,99566.6666666667,90500,88000,177000,44838.9326931125,180000,180000,180000,180000,180000,0,1,174000,174000,174000,174000,174000,0
ta33,30,300000,1804,1808.6,1808,1807,1813,2.17509413193053,29000,133733.333333333,140000,93000,250000,67527.2273737165,300000,3e+05,300000,300000,300000,0,1,174000,174000,174000,174000,174000,0
ta33,30,1800000,1791,1802.96666666667,1804.5,1806,1807,4.10620500465209,396000,1415900,1596500,1596500,1794000,411493.105485461,1800000,1800000,1800000,1800000,1800000,0,2,1658000,1658000,1715000,1715000,1772000,80610.1730552664
ta33,30,2626000,1791,1802.93333333333,1804.5,1806,1807,4.13507564316696,396000,1443633.33333333,1596500,1596500,2626000,462704.90211017,2626000,2626000,2626000,2626000,2626000,0,2,1658000,1658000,1715000,1715000,1772000,80610.1730552664
ta33,30,NA,1791,1795.23333333333,1795,1799,1800,3.24497843713502,2626000,3053133.33333333,3148000,3175500,3260000,200566.737252103,2626000,3053133.33333333,3148000,3175500,3260000,200566.737252103,8,2629000,2629000,3059500,3059500,3260000,264692.139232408
ta34,30,180000,1832,1832.06666666667,1832,1832,1833,0.253708131702462,8000,76266.6666666667,75500,75500,156000,44774.4795948373,180000,180000,180000,180000,180000,0,28,8000,8000,75500,75500,156000,44827.1813800086
ta34,30,300000,1831,1831.96666666667,1832,1832,1832,0.182574185835055,8000,91666.6666666667,81000,81000,226000,58697.5493428011,300000,3e+05,300000,300000,300000,0,1,186000,186000,186000,186000,186000,0
ta34,30,1800000,1831,1831.73333333333,1832,1832,1832,0.449776445108804,8000,350166.666666667,120500,120500,1740000,536504.528587972,1800000,1800000,1800000,1800000,1800000,0,8,186000,186000,1207000,1207000,1740000,634869.713855866
ta34,30,2482000,1831,1831.7,1832,1832,1832,0.466091599699399,8000,428200,120500,120500,2482000,660865.754013314,2482000,2482000,2482000,2482000,2482000,0,9,186000,186000,1353000,1353000,2482000,760435.748619026
ta34,30,NA,1829,1830.76666666667,1831,1831,1832,0.897634182970313,2482000,2821866.66666667,2890000,2890000,3080000,197368.678878638,2482000,2821866.66666667,2890000,2890000,3080000,197368.678878638,5,2624000,2624000,2996000,2996000,3055000,174242.072990423
ta35,30,180000,2007,2007,2007,2007,2007,0,6000,6000,6000,6000,6000,0,180000,180000,180000,180000,180000,0,30,6000,6000,6000,6000,6000,0
ta35,30,300000,2007,2007,2007,2007,2007,0,6000,6000,6000,6000,6000,0,300000,3e+05,300000,300000,300000,0,30,6000,6000,6000,6000,6000,0
ta35,30,1800000,2007,2007,2007,2007,2007,0,6000,6000,6000,6000,6000,0,1800000,1800000,1800000,1800000,1800000,0,30,6000,6000,6000,6000,6000,0
ta35,30,2170000,2007,2007,2007,2007,2007,0,6000,78133.3333333333,6000,6000,2170000,395090.53814706,2170000,2170000,2170000,2170000,2170000,0,30,6000,6000,6000,6000,2170000,395090.53814706
ta35,30,NA,2007,2007,2007,2007,2007,0,2170000,2376933.33333333,2232500,2378000,2732000,189583.924339107,2170000,2376933.33333333,2232500,2378000,2732000,189583.924339107,30,2170000,2170000,2232500,2378000,2732000,189583.924339107
ta36,30,180000,1819,1820.6,1819.5,1819,1825,1.92264186060169,14000,85133.3333333333,78000,78000,179000,50884.4081080418,180000,180000,180000,180000,180000,0,15,15000,15000,84000,179000,179000,52543.1342078197
ta36,30,300000,1819,1819.93333333333,1819,1819,1823,1.55215830452272,15000,116766.666666667,86000,97000,297000,81443.7327803398,300000,3e+05,300000,300000,300000,0,20,15000,15000,114500,179000,269000,76506.8108423241
ta36,30,1800000,1819,1819,1819,1819,1819,0,15000,316233.333333333,186000,179000,1487000,333342.909632557,1800000,1800000,1800000,1800000,1800000,0,30,15000,15000,186000,179000,1487000,333342.909632557
ta36,30,2724000,1819,1819,1819,1819,1819,0,15000,401833.333333333,196000,179000,2724000,550054.924112338,2724000,2724000,2724000,2724000,2724000,0,30,15000,15000,196000,179000,2724000,550054.924112338
ta36,30,NA,1819,1819,1819,1819,1819,0,2724000,3178566.66666667,3210500,3190000,3333000,192960.364580011,2724000,3178566.66666667,3210500,3190000,3333000,192960.364580011,30,2724000,2724000,3210500,3190000,3333000,192960.364580011
ta37,30,180000,1785,1788.46666666667,1788,1788,1793,2.0126039631889,6000,112533.333333333,119500,133500,177000,46507.4953790976,180000,180000,180000,180000,180000,0,1,90000,90000,90000,90000,90000,0
ta37,30,300000,1785,1788.06666666667,1788,1788,1792,1.61743375568305,23000,139433.333333333,139500,177000,288000,62720.8832479446,300000,3e+05,300000,300000,300000,0,1,90000,90000,90000,90000,90000,0
ta37,30,1800000,1783,1784.7,1784,1784,1788,1.31699763045371,188000,1100000,1175000,1175000,1793000,542113.933819616,1800000,1800000,1800000,1800000,1800000,0,1,1188000,1188000,1188000,1188000,1188000,0
ta37,30,2613000,1783,1784.7,1784,1784,1788,1.31699763045371,188000,1135866.66666667,1175000,1175000,2613000,604076.538501386,2613000,2613000,2613000,2613000,2613000,0,1,1188000,1188000,1188000,1188000,1188000,0
ta37,30,NA,1777,1780.36666666667,1779,1779,1784,2.09240553419748,2613000,2889466.66666667,2765500,2765000,3243000,217246.361555713,2613000,2889466.66666667,2765500,2765000,3243000,217246.361555713,1,3077000,3077000,3077000,3077000,3077000,0
ta38,30,180000,1674,1679.9,1679,1678.5,1687,3.32545044913545,14000,90433.3333333333,96500,45000,171000,45868.3899368868,180000,180000,180000,180000,180000,0,1,65000,65000,65000,65000,65000,0
ta38,30,300000,1674,1678.66666666667,1679,1679,1685,2.74594790283018,38000,144966.666666667,132000,110000,267000,70879.929231173,300000,3e+05,300000,300000,300000,0,1,65000,65000,65000,65000,65000,0
ta38,30,1800000,1673,1674.63333333333,1675,1673,1677,1.29942516026374,65000,1111766.66666667,1312500,1312500,1739000,549272.414251318,1800000,1800000,1800000,1800000,1800000,0,8,446000,446000,1046500,1046500,1739000,544134.371534931
ta38,30,2651000,1673,1674.63333333333,1675,1673,1677,1.29942516026374,65000,1143866.66666667,1312500,1312500,2651000,609001.089027583,2651000,2651000,2651000,2651000,2651000,0,8,446000,446000,1046500,1046500,2651000,753892.07971509
ta38,30,NA,1673,1673.1,1673,1673,1676,0.547722557505166,2651000,3050700,3066500,3060000,3212000,170962.216031335,2651000,3050700,3066500,3060000,3212000,170962.216031335,29,2651000,2651000,3068000,3060000,3212000,173968.402091036
ta39,30,180000,1795,1799.2,1797.5,1795,1806,4.6490636802961,6000,67400,41000,66000,172000,52467.7897906634,180000,180000,180000,180000,180000,0,11,17000,17000,97000,97000,172000,54162.7178047779
ta39,30,300000,1795,1796.43333333333,1795,1795,1806,2.48697757755561,11000,132966.666666667,121000,97000,299000,84244.5059431723,300000,3e+05,300000,300000,300000,0,17,17000,17000,125000,125000,276000,82221.0971924445
ta39,30,1800000,1795,1795,1795,1795,1795,0,17000,327533.333333333,227000,444000,1138000,293948.709264322,1800000,1800000,1800000,1800000,1800000,0,30,17000,17000,227000,444000,1138000,293948.709264322
ta39,30,2571000,1795,1795,1795,1795,1795,0,17000,396766.666666667,227000,444000,2571000,504032.133850634,2571000,2571000,2571000,2571000,2571000,0,30,17000,17000,227000,444000,2571000,504032.133850634
ta39,30,NA,1795,1795,1795,1795,1795,0,2571000,2887166.66666667,2996000,2996000,3138000,216508.355072251,2571000,2887166.66666667,2996000,2996000,3138000,216508.355072251,30,2571000,2571000,2996000,2996000,3138000,216508.355072251
ta40,30,180000,1688,1691.56666666667,1692,1692,1695,1.94197434787798,36000,114566.666666667,131000,159000,175000,47488.4256920846,180000,180000,180000,180000,180000,0,3,39000,39000,103000,103000,139000,50649.1197685935
ta40,30,300000,1686,1690.36666666667,1690.5,1692,1695,1.84733420857216,36000,151533.333333333,150000,151000,296000,70051.0815261871,300000,3e+05,300000,300000,300000,0,1,296000,296000,296000,296000,296000,0
ta40,30,1800000,1676,1686.76666666667,1687.5,1688,1691,3.15882271100172,103000,880100,905500,905500,1771000,560441.227039479,1800000,1800000,1800000,1800000,1800000,0,1,1735000,1735000,1735000,1735000,1735000,0
ta40,30,2662000,1676,1686.73333333333,1687.5,1688,1691,3.12865877767558,103000,950366.666666667,1001000,1001000,2662000,644056.138232842,2662000,2662000,2662000,2662000,2662000,0,1,1735000,1735000,1735000,1735000,1735000,0
ta40,30,NA,1673,1680.26666666667,1680,1680,1689,4.01663208837122,2662000,2982500,2980000,2980000,3346000,241077.859793799,2662000,2982500,2980000,2980000,3346000,241077.859793799,1,2745000,2745000,2745000,2745000,2745000,0
ta41,30,180000,2024,2036.53333333333,2037,2038,2052,5.85887675084646,32000,110466.666666667,117500,68500,180000,42808.9044341312,180000,180000,180000,180000,180000,0,1,76000,76000,76000,76000,76000,0
ta41,30,300000,2022,2034.66666666667,2035.5,2038,2052,5.93838090863932,32000,170633.333333333,176500,68500,299000,79223.5959857891,300000,3e+05,300000,300000,300000,0,1,288000,288000,288000,288000,288000,0
ta41,30,1800000,2022,2027.66666666667,2028,2027.5,2034,3.19841914974746,76000,1150366.66666667,1207000,1207000,1768000,512947.566274689,1800000,1800000,1800000,1800000,1800000,0,2,288000,288000,984500,984500,1681000,984999.746192861
ta41,30,3468000,2011,2022.03333333333,2022.5,2022.5,2030,5.00677701640027,434000,2487766.66666667,2859000,2859000,3468000,890870.464802527,3468000,3468000,3468000,3468000,3468000,0,1,3144000,3144000,3144000,3144000,3144000,0
ta41,30,NA,2011,2019.36666666667,2018.5,2018,2028,4.43717317073905,3468000,3924533.33333333,3825500,4131000,4509000,336668.847153517,3468000,3924533.33333333,3825500,4131000,4509000,336668.847153517,3,3771000,3771000,4131000,4131000,4509000,369036.583552363
ta42,30,180000,1964,1968.86666666667,1969,1968.5,1974,2.51524089931943,13000,107533.333333333,114000,147000,179000,46992.8338875366,180000,180000,180000,180000,180000,0,1,126000,126000,126000,126000,126000,0
ta42,30,300000,1960,1967.93333333333,1967,1966,1973,3.03920739818713,13000,150033.333333333,133000,168000,296000,76406.1214975531,300000,3e+05,300000,300000,300000,0,1,275000,275000,275000,275000,275000,0
ta42,30,1800000,1958,1962.66666666667,1962.5,1964,1966,2.63050189695523,168000,1082166.66666667,1154500,1316000,1787000,514895.04007987,1800000,1800000,1800000,1800000,1800000,0,3,1316000,1316000,1687000,1687000,1754000,235928.66153423
ta42,30,3173000,1944,1957.53333333333,1959.5,1966,1966,7.87283997013799,168000,1854466.66666667,1746500,2613000,3173000,934606.121475165,3173000,3173000,3173000,3173000,3173000,0,4,2076000,2076000,2501500,2501500,2580000,233944.972162259
ta42,30,NA,1942,1951.96666666667,1951,1944,1966,6.89069003768144,3173000,3629566.66666667,3767500,3215000,4151000,304044.198616983,3173000,3629566.66666667,3767500,3215000,4151000,304044.198616983,1,3313000,3313000,3313000,3313000,3313000,0
ta43,30,180000,1870,1884,1885,1889,1905,8.97121834650621,26000,106766.666666667,108000,88500,166000,38378.9483722642,180000,180000,180000,180000,180000,0,3,80000,80000,82000,82000,117000,20808.6520466848
ta43,30,300000,1868,1877.43333333333,1874,1871.5,1905,8.55281092464014,26000,189600,208000,162000,292000,85328.0080953332,300000,3e+05,300000,300000,300000,0,2,192000,192000,225000,225000,258000,46669.0475583121
ta43,30,1800000,1862,1868.8,1869.5,1871,1872,2.89351236270099,82000,911666.666666667,895500,895500,1681000,498991.074022395,1800000,1800000,1800000,1800000,1800000,0,2,906000,906000,950500,950500,995000,62932.5035256027
ta43,30,3400000,1854,1861.53333333333,1860.5,1862,1870,4.79750893214624,289000,2458033.33333333,2933000,3325000,3400000,1023165.62461915,3400000,3400000,3400000,3400000,3400000,0,1,3325000,3325000,3325000,3325000,3325000,0
ta43,30,NA,1854,1858.96666666667,1859,1857,1868,2.94177208303188,3400000,3996833.33333333,4053500,4053500,4225000,223515.190154685,3400000,3996833.33333333,4053500,4053500,4225000,223515.190154685,1,3619000,3619000,3619000,3619000,3619000,0
ta44,30,180000,1993,2005.03333333333,2003.5,2001,2031,7.92848784701281,33000,127900,139000,153000,180000,42642.3377116832,180000,180000,180000,180000,180000,0,1,173000,173000,173000,173000,173000,0
ta44,30,300000,1993,2001.26666666667,2001,2001,2010,3.61923342362891,51000,188100,176000,167000,300000,65077.8578796728,300000,3e+05,300000,300000,300000,0,1,173000,173000,173000,173000,173000,0
ta44,30,1800000,1990,1996.46666666667,1997,1997,2001,2.59619527097972,99000,924300,948000,948000,1717000,529576.157787104,1800000,1800000,1800000,1800000,1800000,0,1,1192000,1192000,1192000,1192000,1192000,0
ta44,30,3600000,1983,1987.93333333333,1987,1987,1995,3.6001277116555,1192000,2974900,3015000,2840000,3533000,450899.0520864,3600000,3600000,3600000,3600000,3600000,0,7,2488000,2488000,2842000,2842000,3252000,282035.712024458
ta44,30,3855000,1983,1987.93333333333,1987,1987,1995,3.6001277116555,2488000,3063666.66666667,3037000,2840000,3855000,335047.43187972,3855000,3855000,3855000,3855000,3855000,0,7,2488000,2488000,2842000,2842000,3252000,282035.712024458
ta44,30,NA,1983,1987.6,1987,1987.5,1992,3.40992466293561,3855000,4033300,4029500,3982000,4223000,101616.978624773,3855000,4033300,4029500,3982000,4223000,101616.978624773,7,3908000,3908000,4056000,4056000,4202000,116359.868716061
ta45,30,180000,2002,2012,2013,2013,2015,2.55963359446836,8000,69666.6666666667,49500,23000,178000,50089.1159857098,180000,180000,180000,180000,180000,0,1,23000,23000,23000,23000,23000,0
ta45,30,300000,2002,2011.83333333333,2013,2013,2013,2.47864442002469,8000,83133.3333333333,61500,23000,283000,70039.2664908386,300000,3e+05,300000,300000,300000,0,1,23000,23000,23000,23000,23000,0
ta45,30,1800000,2001,2010.83333333333,2012,2013,2013,3.14130802245721,8000,285833.333333333,81500,23000,1652000,441514.016127214,1800000,1800000,1800000,1800000,1800000,0,1,1001000,1001000,1001000,1001000,1001000,0
ta45,30,3600000,2000,2007.56666666667,2007,2013,2013,5.00126420799391,8000,1788400,2500000,2500000,3469000,1539419.98929736,3600000,3600000,3600000,3600000,3600000,0,4,2294000,2294000,2768000,2768000,3416000,520713.93298048
ta45,30,3765000,2000,2007.56666666667,2007,2013,2013,5.00126420799391,10000,1913633.33333333,2606500,2606500,3765000,1542403.2408781,3765000,3765000,3765000,3765000,3765000,0,4,2294000,2294000,2768000,2768000,3416000,520713.93298048
ta45,30,NA,2000,2007.1,2005,2013,2013,5.1013858833688,3765000,3908233.33333333,3878500,3870000,4135000,111242.41418022,3765000,3908233.33333333,3878500,3870000,4135000,111242.41418022,4,3836000,3836000,3950000,3950000,4031000,99419.5654788332
ta46,30,180000,2030,2039.9,2040,2038.5,2057,6.35365764872812,35000,115066.666666667,113500,98000,176000,43495.4879414448,180000,180000,180000,180000,180000,0,1,161000,161000,161000,161000,161000,0
ta46,30,300000,2030,2036.46666666667,2036,2037,2049,4.50848497630958,40000,164666.666666667,162500,101000,289000,69409.992986866,300000,3e+05,300000,300000,300000,0,1,161000,161000,161000,161000,161000,0
ta46,30,1800000,2020,2030.1,2030.5,2031,2036,3.59453608344282,58000,858166.666666667,764000,764000,1754000,545659.997923005,1800000,1800000,1800000,1800000,1800000,0,1,991000,991000,991000,991000,991000,0
ta46,30,3088000,2010,2025.6,2027,2027,2033,5.11657212837145,204000,2029166.66666667,2404000,2404000,3088000,904662.02808423,3088000,3088000,3088000,3088000,3088000,0,1,2686000,2686000,2686000,2686000,2686000,0
ta46,30,NA,2007,2023.9,2024,2027,2033,5.70752679091089,3088000,3793000,3857000,3857000,4150000,238880.290320169,3088000,3793000,3857000,3857000,4150000,238880.290320169,1,3827000,3827000,3827000,3827000,3827000,0
ta47,30,180000,1915,1923.66666666667,1923,1922,1944,6.13263364324813,19000,112933.333333333,121500,130000,179000,45978.9557060194,180000,180000,180000,180000,180000,0,1,105000,105000,105000,105000,105000,0
ta47,30,300000,1912,1921.13333333333,1921.5,1923,1932,3.87506025166358,19000,159966.666666667,154000,93000,290000,72608.7689837346,300000,3e+05,300000,300000,300000,0,1,204000,204000,204000,204000,204000,0
ta47,30,1800000,1909,1914.6,1915.5,1916.5,1919,2.58109840291246,105000,1080000,1164000,1164000,1777000,492160.332720393,1800000,1800000,1800000,1800000,1800000,0,1,1616000,1616000,1616000,1616000,1616000,0
ta47,30,3600000,1900,1904.33333333333,1902,1902,1912,3.79049021789452,2258000,3140666.66666667,3256000,3256000,3599000,339699.393818887,3600000,3600000,3600000,3600000,3600000,0,2,3283000,3283000,3376000,3376000,3469000,131521.861300698
ta47,30,3795000,1900,1904.33333333333,1902,1902,1912,3.79049021789452,2258000,3172100,3273000,3273000,3795000,355336.494238814,3795000,3795000,3795000,3795000,3795000,0,2,3283000,3283000,3376000,3376000,3469000,131521.861300698
ta47,30,NA,1900,1904.16666666667,1902,1902,1912,3.89591592819201,3795000,3999333.33333333,3960000,3960000,4443000,144174.543004563,3795000,3999333.33333333,3960000,3960000,4443000,144174.543004563,2,3876000,3876000,3960500,3960500,4045000,119501.046020527
ta48,30,180000,1964,1974.86666666667,1975.5,1978,1988,6.6836565118067,36000,117200,124500,125000,178000,45707.7673924247,180000,180000,180000,180000,180000,0,2,122000,122000,127000,127000,132000,7071.06781186548
ta48,30,300000,1961,1971.43333333333,1971,1969,1984,5.56889968289616,68000,208866.666666667,225500,261500,297000,70475.5929056457,300000,3e+05,300000,300000,300000,0,1,227000,227000,227000,227000,227000,0
ta48,30,1800000,1954,1963.1,1964,1967,1969,4.13020831068545,122000,1129700,1208000,1208000,1794000,539435.218698607,1800000,1800000,1800000,1800000,1800000,0,1,402000,402000,402000,402000,402000,0
ta48,30,3600000,1937,1952.33333333333,1952,1953,1962,5.57910716706618,1909000,2788900,2862000,2862000,3355000,363588.944674691,3600000,3600000,3600000,3600000,3600000,0,1,3008000,3008000,3008000,3008000,3008000,0
ta48,30,3685000,1937,1952.33333333333,1952,1953,1962,5.57910716706618,1909000,2810800,2862000,2862000,3685000,396760.537526013,3685000,3685000,3685000,3685000,3685000,0,1,3008000,3008000,3008000,3008000,3008000,0
ta48,30,NA,1937,1952.23333333333,1952,1952,1962,5.55650183511876,3685000,3829366.66666667,3820500,3700000,4140000,111762.828726985,3685000,3829366.66666667,3820500,3700000,4140000,111762.828726985,1,4140000,4140000,4140000,4140000,4140000,0
ta49,30,180000,1986,1994.3,1994,1994,2004,4.06965219220479,15000,106300,108000,108000,180000,53034.243979553,180000,180000,180000,180000,180000,0,2,150000,150000,163000,163000,176000,18384.7763108502
ta49,30,300000,1984,1991.83333333333,1993.5,1994,2000,4.02649272669912,15000,157066.666666667,138000,278000,299000,91684.9678700567,300000,3e+05,300000,300000,300000,0,1,285000,285000,285000,285000,285000,0
ta49,30,1800000,1977,1984.46666666667,1985,1985,1994,3.61732739343073,49000,1114966.66666667,1220000,1220000,1707000,497540.258868971,1800000,1800000,1800000,1800000,1800000,0,1,1441000,1441000,1441000,1441000,1441000,0
ta49,30,2894000,1968,1981.6,1983,1985,1994,5.7989297466771,49000,1590233.33333333,1466000,1466000,2894000,811929.319300781,2894000,2894000,2894000,2894000,2894000,0,1,2824000,2824000,2824000,2824000,2824000,0
ta49,30,NA,1967,1974.5,1974,1972.5,1984,4.52388298272395,2894000,3927900,3992000,3992000,4220000,276974.086924366,2894000,3927900,3992000,3992000,4220000,276974.086924366,1,4139000,4139000,4139000,4139000,4139000,0
ta50,30,180000,1943,1955.23333333333,1955,1951,1968,6.66272872200186,20000,127533.333333333,150000,151000,176000,43849.0619042763,180000,180000,180000,180000,180000,0,1,125000,125000,125000,125000,125000,0
ta50,30,300000,1939,1952.06666666667,1951,1956.5,1962,6.59118184857007,61000,170700,165000,151000,282000,64418.968078322,300000,3e+05,300000,300000,300000,0,1,282000,282000,282000,282000,282000,0
ta50,30,1800000,1935,1942.63333333333,1943,1944,1950,3.70910653181704,252000,1063166.66666667,1095000,1095000,1785000,491137.3909423,1800000,1800000,1800000,1800000,1800000,0,2,573000,573000,1178500,1178500,1784000,856306.312016909
ta50,30,3003000,1925,1939.56666666667,1942,1943,1950,7.449523628988,252000,1431233.33333333,1310500,1310500,3003000,880469.376519425,3003000,3003000,3003000,3003000,3003000,0,1,2846000,2846000,2846000,2846000,2846000,0
ta50,30,NA,1924,1929.23333333333,1927,1924,1943,5.23043700510462,3003000,4106633.33333333,4110000,4110000,4341000,242602.340059404,3003000,4106633.33333333,4110000,4110000,4341000,242602.340059404,6,3997000,3997000,4158500,4158500,4290000,129094.409897047
