inst.id,n.runs,budget.time,best.f.min,best.f.mean,best.f.med,best.f.mode,best.f.max,best.f.sd,last.improvement.time.min,last.improvement.time.mean,last.improvement.time.med,last.improvement.time.mode,last.improvement.time.max,last.improvement.time.sd,total.time.min,total.time.mean,total.time.med,total.time.mode,total.time.max,total.time.sd,reach.best.f.min.runs,reach.best.f.min.time.min,reach.best.f.min.time.mean,reach.best.f.min.time.med,reach.best.f.min.time.mode,reach.best.f.min.time.max,reach.best.f.min.time.sd
ta11,19,180000,1366,1370.78947368421,1372,1372,1374,2.34707731654169,19000,77157.8947368421,86000,91000,138000,38714.4290613185,180000,180000,180000,180000,180000,0,2,91000,91000,107000,107000,123000,22627.4169979695
ta11,19,300000,1362,1369.05263157895,1370,1372,1372,3.00875914272767,19000,143526.315789474,123000,123000,268000,83015.6400398628,300000,300000,300000,300000,300000,0,1,268000,268000,268000,268000,268000,0
ta11,19,1800000,1358,1360.73684210526,1361,1361,1362,0.805681579172283,1082000,1249157.89473684,1196000,1196000,1744000,165879.562453504,1800000,1800000,1800000,1800000,1800000,0,1,1744000,1744000,1744000,1744000,1744000,0
ta11,19,1801000,1358,1360.73684210526,1361,1361,1362,0.805681579172283,1801000,1801000,1801000,1801000,1801000,0,1801000,1801000,1801000,1801000,1801000,0,1,1801000,1801000,1801000,1801000,1801000,0
ta12,20,180000,1373,1375.9,1376.5,1377,1377,1.41048703794488,6000,61500,40000,11000,170000,54125.0987600898,180000,180000,180000,180000,180000,0,2,32000,32000,90000,90000,148000,82024.3866176395
ta12,20,300000,1373,1374.9,1374,1375,1377,1.71372171173244,6000,126200,96500,96500,277000,95697.7698689721,300000,300000,300000,300000,300000,0,6,32000,32000,225500,225500,277000,92716.0539856322
ta12,20,1800000,1367,1368.75,1367,1367,1375,3.12671005842782,190000,1264350,1442500,1442500,1716000,458007.041430588,1800000,1800000,1800000,1800000,1800000,0,15,1260000,1260000,1445000,1445000,1563000,73472.8974974219
ta12,20,1801000,1367,1368.75,1367,1367,1375,3.12671005842782,1801000,1801000,1801000,1801000,1801000,0,1801000,1801000,1801000,1801000,1801000,0,15,1801000,1801000,1801000,1801000,1801000,0
ta13,20,180000,1351,1355.3,1355,1353,1360,2.73572851838697,6000,93400,93000,143500,165000,50966.8622992585,180000,180000,180000,180000,180000,0,1,162000,162000,162000,162000,162000,0
ta13,20,300000,1348,1353.9,1353.5,1353,1360,2.86356421265527,6000,138850,123500,123500,289000,89096.2076102362,300000,300000,300000,300000,300000,0,1,262000,262000,262000,262000,262000,0
ta13,20,1800000,1342,1345.55,1344,1344,1349,2.13923252347043,949000,1317000,1300500,1300500,1670000,237401.059723614,1800000,1800000,1800000,1800000,1800000,0,1,1375000,1375000,1375000,1375000,1375000,0
ta13,20,1801000,1342,1345.55,1344,1344,1349,2.13923252347043,1801000,1801000,1801000,1801000,1801000,0,1801000,1801000,1801000,1801000,1801000,0,1,1801000,1801000,1801000,1801000,1801000,0
ta14,18,180000,1345,1345,1345,1345,1345,0,6000,17944.4444444444,15000,14000,47000,10618.9188672151,180000,180000,180000,180000,180000,0,18,6000,6000,15000,14000,47000,10618.9188672151
ta14,18,300000,1345,1345,1345,1345,1345,0,6000,17944.4444444444,15000,14000,47000,10618.9188672151,300000,300000,300000,300000,300000,0,18,6000,6000,15000,14000,47000,10618.9188672151
ta14,18,1800000,1345,1345,1345,1345,1345,0,6000,17944.4444444444,15000,14000,47000,10618.9188672151,1800000,1800000,1800000,1800000,1800000,0,18,6000,6000,15000,14000,47000,10618.9188672151
ta14,18,1801000,1345,1345,1345,1345,1345,0,1801000,1801000,1801000,1801000,1801000,0,1801000,1801000,1801000,1801000,1801000,0,18,1801000,1801000,1801000,1801000,1801000,0
ta15,20,180000,1346,1353.9,1354,1354,1359,3.79611990271507,6000,70250,67000,67000,152000,44233.6797141345,180000,180000,180000,180000,180000,0,2,26000,26000,47000,47000,68000,29698.484809835
ta15,20,300000,1346,1351.9,1353,1353,1358,3.79611990271507,6000,121050,84500,84500,285000,85484.6708326611,300000,300000,300000,300000,300000,0,4,26000,26000,131000,131000,225000,96209.4070244693
ta15,20,1800000,1339,1339.65,1339,1339,1352,2.90688837074973,1279000,1483750,1498000,1498000,1554000,59738.7954700338,1800000,1800000,1800000,1800000,1800000,0,19,1405000,1405000,1499000,1499000,1554000,36268.0888524037
ta15,20,1801000,1339,1339.65,1339,1339,1352,2.90688837074973,1801000,1801000,1801000,1801000,1801000,0,1801000,1801000,1801000,1801000,1801000,0,19,1801000,1801000,1801000,1801000,1801000,0
ta16,18,180000,1367,1370.94444444444,1371,1373,1374,2.12747356995326,6000,91055.5555555556,97500,102500,170000,41394.0493339494,180000,180000,180000,180000,180000,0,1,100000,100000,100000,100000,100000,0
ta16,18,300000,1365,1369.16666666667,1370,1370,1373,2.22948160685262,32000,151944.444444444,137000,80000,289000,75791.1000690266,300000,300000,300000,300000,300000,0,2,183000,183000,205000,205000,227000,31112.6983722081
ta16,18,1800000,1360,1361.22222222222,1360,1360,1368,2.83995765410757,125000,1202722.22222222,1318000,1348000,1488000,365401.923037464,1800000,1800000,1800000,1800000,1800000,0,15,1210000,1210000,1323000,1348000,1370000,43549.4245765932
ta16,18,1801000,1360,1361.22222222222,1360,1360,1368,2.83995765410757,1801000,1801000,1801000,1801000,1801000,0,1801000,1801000,1801000,1801000,1801000,0,15,1801000,1801000,1801000,1801000,1801000,0
ta17,18,180000,1473,1477.83333333333,1478,1478,1481,1.91741247211843,6000,95666.6666666667,89000,131000,180000,54578.5995552448,180000,180000,180000,180000,180000,0,1,47000,47000,47000,47000,47000,0
ta17,18,300000,1473,1477.22222222222,1478,1478,1480,1.83288764636107,34000,151055.555555556,169500,131000,252000,67599.5755488086,300000,300000,300000,300000,300000,0,1,47000,47000,47000,47000,47000,0
ta17,18,1800000,1465,1471.38888888889,1472,1472.5,1476,2.42872246468334,396000,1374000,1410000,1410000,1792000,297011.982329095,1800000,1800000,1800000,1800000,1800000,0,1,1604000,1604000,1604000,1604000,1604000,0
ta17,18,1801000,1465,1471.38888888889,1472,1472.5,1476,2.42872246468334,1801000,1801000,1801000,1801000,1801000,0,1801000,1801000,1801000,1801000,1801000,0,1,1801000,1801000,1801000,1801000,1801000,0
ta18,17,180000,1412,1417.35294117647,1418,1418,1424,2.54806731834611,6000,70529.4117647059,54000,33000,173000,48169.1260651712,180000,180000,180000,180000,180000,0,1,33000,33000,33000,33000,33000,0
ta18,17,300000,1412,1416.23529411765,1416,1418,1419,2.07754096724667,6000,125529.411764706,104000,33000,249000,80188.931317747,300000,300000,300000,300000,300000,0,2,33000,33000,141000,141000,249000,152735.064736294
ta18,17,1800000,1397,1407.64705882353,1411,1413,1413,5.84103133520302,883000,1171941.17647059,1216000,1216000,1333000,115283.059568739,1800000,1800000,1800000,1800000,1800000,0,1,1264000,1264000,1264000,1264000,1264000,0
ta18,17,1801000,1397,1407.64705882353,1411,1413,1413,5.84103133520302,1801000,1801000,1801000,1801000,1801000,0,1801000,1801000,1801000,1801000,1801000,0,1,1801000,1801000,1801000,1801000,1801000,0
ta19,20,180000,1340,1343.05,1343,1343,1345,1.27630222456166,6000,72250,56500,31500,167000,51203.284228548,180000,180000,180000,180000,180000,0,1,51000,51000,51000,51000,51000,0
ta19,20,300000,1340,1342.9,1343,1343,1344,1.11921024787453,6000,89800,59500,31500,221000,64344.9584987863,300000,300000,300000,300000,300000,0,1,51000,51000,51000,51000,51000,0
ta19,20,1800000,1335,1337.85,1337,1337,1341,2.13430624744781,62000,1118600,1265500,1265500,1456000,368324.285036119,1800000,1800000,1800000,1800000,1800000,0,3,597000,597000,861000,861000,1370000,392917.718273602
ta19,20,1801000,1335,1337.85,1337,1337,1341,2.13430624744781,1801000,1801000,1801000,1801000,1801000,0,1801000,1801000,1801000,1801000,1801000,0,3,1801000,1801000,1801000,1801000,1801000,0
ta20,20,180000,1355,1361.45,1363,1364,1365,3.37911542457957,6000,68050,53500,6000,174000,58076.6054901899,180000,180000,180000,180000,180000,0,2,111000,111000,123500,123500,136000,17677.6695296637
ta20,20,300000,1352,1360.25,1361.5,1364,1364,3.75394529304276,6000,108300,103000,103000,272000,83407.1182119431,300000,300000,300000,300000,300000,0,1,187000,187000,187000,187000,187000,0
ta20,20,1800000,1348,1354.15,1355,1355,1360,2.68082862288195,111000,994800,994500,994500,1763000,387698.689299062,1800000,1800000,1800000,1800000,1800000,0,1,1763000,1763000,1763000,1763000,1763000,0
ta20,20,1801000,1348,1354.15,1355,1355,1360,2.68082862288195,1801000,1801000,1801000,1801000,1801000,0,1801000,1801000,1801000,1801000,1801000,0,1,1801000,1801000,1801000,1801000,1801000,0
ta21,20,180000,1647,1653.2,1652.5,1649.5,1661,4.45562920124053,10000,94600,93500,73500,180000,49986.7350825249,180000,180000,180000,180000,180000,0,3,57000,57000,91000,91000,111000,27300.7936392577
ta21,20,300000,1647,1651,1651.5,1647,1656,3.35606285619576,10000,176950,181500,181500,299000,92031.7307980471,300000,300000,300000,300000,300000,0,6,57000,57000,160000,160000,286000,97229.1108670649
ta21,20,1800000,1647,1647,1647,1647,1647,0,57000,582850,672000,672000,1011000,336491.538174674,1800000,1800000,1800000,1800000,1800000,0,20,57000,57000,672000,672000,1011000,336491.538174674
ta21,20,1801000,1647,1647,1647,1647,1647,0,1801000,1801000,1801000,1801000,1801000,0,1801000,1801000,1801000,1801000,1801000,0,20,1801000,1801000,1801000,1801000,1801000,0
ta22,20,180000,1607,1615.9,1617,1618,1620,3.61138550464471,6000,84950,65000,7000,179000,65856.6825127029,180000,180000,180000,180000,180000,0,1,174000,174000,174000,174000,174000,0
ta22,20,300000,1607,1615.5,1616,1616,1619,3.36389498553154,6000,139650,152000,152000,274000,82968.7797972986,300000,300000,300000,300000,300000,0,1,174000,174000,174000,174000,174000,0
ta22,20,1800000,1600,1607.8,1606,1601,1617,7.30248695921285,42000,1101650,1146500,1146500,1616000,336480.745519358,1800000,1800000,1800000,1800000,1800000,0,1,1491000,1491000,1491000,1491000,1491000,0
ta22,20,1801000,1600,1607.8,1606,1601,1617,7.30248695921285,1801000,1801000,1801000,1801000,1801000,0,1801000,1801000,1801000,1801000,1801000,0,1,1801000,1801000,1801000,1801000,1801000,0
ta23,20,180000,1561,1567.25,1567,1567,1572,2.5105042479445,28000,90100,78000,43000,168000,46775.9497357799,180000,180000,180000,180000,180000,0,1,128000,128000,128000,128000,128000,0
ta23,20,300000,1561,1565.95,1566,1565,1572,2.41650029675366,28000,143950,141500,58000,254000,74962.0781321778,300000,300000,300000,300000,300000,0,2,128000,128000,191000,191000,254000,89095.454429505
ta23,20,1800000,1557,1561.3,1562,1564,1564,2.8302873203598,254000,1321500,1369500,1369500,1656000,294960.568283466,1800000,1800000,1800000,1800000,1800000,0,1,1338000,1338000,1338000,1338000,1338000,0
ta23,20,1801000,1557,1561.3,1562,1564,1564,2.8302873203598,1801000,1801000,1801000,1801000,1801000,0,1801000,1801000,1801000,1801000,1801000,0,1,1801000,1801000,1801000,1801000,1801000,0
ta24,20,180000,1654,1660.2,1659.5,1658.5,1671,3.98153633399814,14000,109900,114500,124000,176000,43007.8328239232,180000,180000,180000,180000,180000,0,1,106000,106000,106000,106000,106000,0
ta24,20,300000,1654,1658.45,1658,1654,1667,3.60518632265416,14000,157850,165000,165000,285000,79203.4522107797,300000,300000,300000,300000,300000,0,4,106000,106000,191500,191500,213000,48058.9915277741
ta24,20,1800000,1647,1652.25,1654,1654,1654,3.10983160823523,201000,951800,939000,939000,1580000,364305.33752248,1800000,1800000,1800000,1800000,1800000,0,5,1314000,1314000,1359000,1359000,1580000,105927.805603628
ta24,20,1801000,1647,1652.25,1654,1654,1654,3.10983160823523,1801000,1801000,1801000,1801000,1801000,0,1801000,1801000,1801000,1801000,1801000,0,5,1801000,1801000,1801000,1801000,1801000,0
ta25,20,180000,1598,1604.05,1601,1598,1617,6.67654969197966,6000,85800,88500,38000,180000,50580.420593036,180000,180000,180000,180000,180000,0,8,27000,27000,67000,27000,180000,51514.0410817423
ta25,20,300000,1598,1602.3,1598.5,1598,1617,6.0879518637007,27000,119050,98500,38000,299000,87016.3172840831,300000,300000,300000,300000,300000,0,10,27000,27000,82500,27000,293000,93499.9108733978
ta25,20,1800000,1595,1596.15,1596,1596,1598,0.670820393249937,108000,1399500,1502500,1502500,1681000,374563.113928467,1800000,1800000,1800000,1800000,1800000,0,1,1493000,1493000,1493000,1493000,1493000,0
ta25,20,1801000,1595,1596.15,1596,1596,1598,0.670820393249937,1801000,1801000,1801000,1801000,1801000,0,1801000,1801000,1801000,1801000,1801000,0,1,1801000,1801000,1801000,1801000,1801000,0
ta26,20,180000,1654,1659.45,1659.5,1659,1669,3.54631016543586,6000,85200,78000,50500,163000,49245.4646589276,180000,180000,180000,180000,180000,0,3,44000,44000,67000,67000,133000,46198.8455844227
ta26,20,300000,1654,1659,1659,1659,1669,3.55409326655455,6000,113300,118500,67000,262000,71367.1751172101,300000,300000,300000,300000,300000,0,3,44000,44000,67000,67000,133000,46198.8455844227
ta26,20,1800000,1649,1651.85,1652,1652,1652,0.670820393249937,886000,1156250,1133500,1056000,1763000,164814.049924852,1800000,1800000,1800000,1800000,1800000,0,1,1763000,1763000,1763000,1763000,1763000,0
ta26,20,1801000,1649,1651.85,1652,1652,1652,0.670820393249937,1801000,1801000,1801000,1801000,1801000,0,1801000,1801000,1801000,1801000,1801000,0,1,1801000,1801000,1801000,1801000,1801000,0
ta27,20,180000,1689,1692.4,1692,1692,1696,1.90290636437502,7000,91450,77000,77000,176000,58204.2456400417,180000,180000,180000,180000,180000,0,1,128000,128000,128000,128000,128000,0
ta27,20,300000,1689,1692.1,1692,1692,1696,1.65115589496379,7000,124850,123500,123500,269000,76740.3516993985,300000,300000,300000,300000,300000,0,1,128000,128000,128000,128000,128000,0
ta27,20,1800000,1686,1687.6,1688,1687.5,1690,1.56944509134179,119000,1047500,1129500,1129500,1414000,335881.009632249,1800000,1800000,1800000,1800000,1800000,0,9,975000,975000,1110000,1110000,1313000,116752.944288356
ta27,20,1801000,1686,1687.6,1688,1687.5,1690,1.56944509134179,1801000,1801000,1801000,1801000,1801000,0,1801000,1801000,1801000,1801000,1801000,0,9,1801000,1801000,1801000,1801000,1801000,0
ta28,18,180000,1617,1621.05555555556,1622,1622,1624,1.95454890906022,9000,95944.4444444444,101000,101000,167000,52229.6650237844,180000,180000,180000,180000,180000,0,1,107000,107000,107000,107000,107000,0
ta28,18,300000,1617,1619.88888888889,1619.5,1622,1622,1.90630189846849,10000,152666.666666667,159500,196000,299000,85740.3741810466,300000,300000,300000,300000,300000,0,3,107000,107000,196000,196000,299000,96085.0317860869
ta28,18,1800000,1615,1616.22222222222,1617,1617,1617,1.0032626514091,107000,880555.555555556,1026000,1026000,1474000,402957.627639933,1800000,1800000,1800000,1800000,1800000,0,7,567000,567000,1170000,1170000,1321000,249012.047901301
ta28,18,1801000,1615,1616.22222222222,1617,1617,1617,1.0032626514091,1801000,1801000,1801000,1801000,1801000,0,1801000,1801000,1801000,1801000,1801000,0,7,1801000,1801000,1801000,1801000,1801000,0
ta29,20,180000,1628,1630.25,1629.5,1629,1634,1.77334058829805,6000,65300,42500,19000,161000,57551.8987752062,180000,180000,180000,180000,180000,0,2,21000,21000,91000,91000,161000,98994.9493661166
ta29,20,300000,1625,1629.05,1629,1629,1631,1.39453821823042,6000,113150,68500,19000,292000,100196.267920832,300000,300000,300000,300000,300000,0,1,292000,292000,292000,292000,292000,0
ta29,20,1800000,1625,1627.9,1628,1628,1629,1.16528740525336,6000,569100,490500,490500,1707000,454440.766796197,1800000,1800000,1800000,1800000,1800000,0,2,292000,292000,999500,999500,1707000,1000556.09537896
ta29,20,1801000,1625,1627.9,1628,1628,1629,1.16528740525336,1801000,1801000,1801000,1801000,1801000,0,1801000,1801000,1801000,1801000,1801000,0,2,1801000,1801000,1801000,1801000,1801000,0
ta30,20,180000,1594,1599.95,1598.5,1596,1609,4.94682247827623,6000,86050,92500,70500,161000,49891.9622257618,180000,180000,180000,180000,180000,0,1,80000,80000,80000,80000,80000,0
ta30,20,300000,1594,1598.4,1597,1596,1609,3.53031980063235,6000,124200,115500,115500,276000,77569.39168458,300000,300000,300000,300000,300000,0,1,80000,80000,80000,80000,80000,0
ta30,20,1800000,1584,1590.6,1592,1592,1600,5.55735643326175,224000,1048100,1107500,1107500,1366000,295577.561287798,1800000,1800000,1800000,1800000,1800000,0,6,948000,948000,1046000,1046000,1137000,71768.1452084883
ta30,20,1801000,1584,1590.6,1592,1592,1600,5.55735643326175,1801000,1801000,1801000,1801000,1801000,0,1801000,1801000,1801000,1801000,1801000,0,6,1801000,1801000,1801000,1801000,1801000,0
ta31,20,180000,1764,1764,1764,1764,1764,0,12000,45300,27000,21000,130000,37308.2465838036,180000,180000,180000,180000,180000,0,20,12000,12000,27000,21000,130000,37308.2465838036
ta31,20,300000,1764,1764,1764,1764,1764,0,12000,45300,27000,21000,130000,37308.2465838036,300000,300000,300000,300000,300000,0,20,12000,12000,27000,21000,130000,37308.2465838036
ta31,20,1800000,1764,1764,1764,1764,1764,0,12000,45300,27000,21000,130000,37308.2465838036,1800000,1800000,1800000,1800000,1800000,0,20,12000,12000,27000,21000,130000,37308.2465838036
ta31,20,1801000,1764,1764,1764,1764,1764,0,21000,1623000,1801000,1801000,1801000,547872.440013472,1801000,1801000,1801000,1801000,1801000,0,20,21000,21000,1801000,1801000,1801000,547872.440013472
ta31,20,NA,1764,1764,1764,1764,1764,0,1801000,1801100,1801000,1801000,1802000,307.793505625546,1801000,1801100,1801000,1801000,1802000,307.793505625546,20,1801000,1801000,1801000,1801000,1802000,307.793505625546
ta32,19,180000,1808,1816.26315789474,1816,1816.5,1828,5.30033652247308,19000,91947.3684210526,107000,19000,171000,57374.475242539,180000,180000,180000,180000,180000,0,2,23000,23000,33000,33000,43000,14142.135623731
ta32,19,300000,1808,1814.63157894737,1815,1817,1823,4.00292290868379,23000,154789.473684211,146000,146000,294000,89453.016188741,300000,300000,300000,300000,300000,0,2,23000,23000,33000,33000,43000,14142.135623731
ta32,19,1800000,1799,1803.63157894737,1802,1802,1811,3.36997405719967,1184000,1498526.31578947,1522000,1522000,1758000,137731.368339102,1800000,1800000,1800000,1800000,1800000,0,2,1298000,1298000,1363500,1363500,1429000,92630.9883354377
ta32,19,1801000,1799,1803.63157894737,1802,1802,1811,3.36997405719967,1801000,1801000,1801000,1801000,1801000,0,1801000,1801000,1801000,1801000,1801000,0,2,1801000,1801000,1801000,1801000,1801000,0
ta33,20,180000,1799,1808.8,1808.5,1807,1814,3.42744342346488,46000,116000,118500,78000,180000,39031.7010161039,180000,180000,180000,180000,180000,0,1,166000,166000,166000,166000,166000,0
ta33,20,300000,1799,1808.25,1808,1807,1814,3.0928610498508,56000,153900,149500,164000,239000,55036.7341442346,300000,300000,300000,300000,300000,0,1,166000,166000,166000,166000,166000,0
ta33,20,1800000,1791,1795.1,1794,1799,1799,3.4928498393146,1170000,1451100,1483000,1634000,1778000,175120.680193914,1800000,1800000,1800000,1800000,1800000,0,6,1170000,1170000,1233000,1233000,1492000,116317.955048508
ta33,20,1801000,1791,1795.1,1794,1799,1799,3.4928498393146,1801000,1801000,1801000,1801000,1801000,0,1801000,1801000,1801000,1801000,1801000,0,6,1801000,1801000,1801000,1801000,1801000,0
ta34,20,180000,1832,1832.2,1832,1832,1834,0.523148363780597,19000,67350,54500,38000,122000,32238.0536829251,180000,180000,180000,180000,180000,0,17,19000,19000,56000,38000,122000,34172.2496634158
ta34,20,300000,1832,1832.05,1832,1832,1833,0.223606797749979,19000,83050,65500,38000,209000,52308.2714602375,300000,300000,300000,300000,300000,0,19,19000,19000,61000,38000,209000,53741.1491420784
ta34,20,1800000,1829,1830.45,1831,1829,1832,1.27630222456166,38000,1172100,1551500,1551500,1699000,663645.585503207,1800000,1800000,1800000,1800000,1800000,0,8,1538000,1538000,1617500,1617500,1699000,50686.0082130308
ta34,20,1801000,1829,1830.45,1831,1829,1832,1.27630222456166,1566000,1784150,1801000,1801000,1801000,56171.9868374189,1801000,1801000,1801000,1801000,1801000,0,8,1566000,1566000,1801000,1801000,1801000,85717.8719487866
ta34,20,NA,1829,1830.45,1831,1829,1832,1.27630222456166,1801000,1801100,1801000,1801000,1802000,307.793505625546,1801000,1801100,1801000,1801000,1802000,307.793505625546,8,1801000,1801000,1801000,1801000,1802000,462.910049886276
ta35,20,180000,2007,2007,2007,2007,2007,0,6000,6000,6000,6000,6000,0,180000,180000,180000,180000,180000,0,20,6000,6000,6000,6000,6000,0
ta35,20,300000,2007,2007,2007,2007,2007,0,6000,6000,6000,6000,6000,0,300000,300000,300000,300000,300000,0,20,6000,6000,6000,6000,6000,0
ta35,20,1800000,2007,2007,2007,2007,2007,0,6000,6000,6000,6000,6000,0,1800000,1800000,1800000,1800000,1800000,0,20,6000,6000,6000,6000,6000,0
ta35,20,1801000,2007,2007,2007,2007,2007,0,1801000,1801000,1801000,1801000,1801000,0,1801000,1801000,1801000,1801000,1801000,0,20,1801000,1801000,1801000,1801000,1801000,0
ta36,20,180000,1819,1820.8,1820.5,1819,1823,1.79472912484836,28000,98000,103000,110000,179000,44899.8886412873,180000,180000,180000,180000,180000,0,8,28000,28000,91500,91500,173000,52158.9260954304
ta36,20,300000,1819,1820.25,1819,1819,1823,1.55173926187427,28000,137400,127000,127000,296000,81917.4166944658,300000,300000,300000,300000,300000,0,11,28000,28000,110000,110000,296000,81337.9034980282
ta36,20,1800000,1819,1819,1819,1819,1819,0,28000,278000,245000,245000,898000,216460.765862765,1800000,1800000,1800000,1800000,1800000,0,20,28000,28000,245000,245000,898000,216460.765862765
ta36,20,1801000,1819,1819,1819,1819,1819,0,1801000,1801000,1801000,1801000,1801000,0,1801000,1801000,1801000,1801000,1801000,0,20,1801000,1801000,1801000,1801000,1801000,0
ta37,20,180000,1784,1788,1787,1787,1794,2.33959060746241,14000,96700,81500,81500,177000,50474.6940242544,180000,180000,180000,180000,180000,0,1,112000,112000,112000,112000,112000,0
ta37,20,300000,1784,1787.3,1787,1787,1791,1.75018795983084,14000,118150,88000,183000,260000,71862.6431025481,300000,300000,300000,300000,300000,0,2,112000,112000,147500,147500,183000,50204.5814642449
ta37,20,1800000,1779,1781.65,1782,1781.5,1784,2.15882521659107,112000,1292850,1344500,1261000,1777000,427486.814201081,1800000,1800000,1800000,1800000,1800000,0,7,1261000,1261000,1359000,1261000,1777000,176746.926961903
ta37,20,1801000,1779,1781.65,1782,1781.5,1784,2.15882521659107,1801000,1801000,1801000,1801000,1801000,0,1801000,1801000,1801000,1801000,1801000,0,7,1801000,1801000,1801000,1801000,1801000,0
ta38,20,180000,1674,1679.95,1679.5,1680,1691,4.47772263544762,35000,111750,117500,110000,174000,41800.1196170537,180000,180000,180000,180000,180000,0,2,115000,115000,140000,140000,165000,35355.3390593274
ta38,20,300000,1674,1677.85,1678,1679,1682,2.15882521659107,35000,170650,166000,208000,275000,71418.908744924,300000,300000,300000,300000,300000,0,2,115000,115000,140000,140000,165000,35355.3390593274
ta38,20,1800000,1673,1673,1673,1673,1673,0,645000,1174500,1199000,1199000,1498000,206869.524096712,1800000,1800000,1800000,1800000,1800000,0,20,645000,645000,1199000,1199000,1498000,206869.524096712
ta38,20,1801000,1673,1673,1673,1673,1673,0,1801000,1801000,1801000,1801000,1801000,0,1801000,1801000,1801000,1801000,1801000,0,20,1801000,1801000,1801000,1801000,1801000,0
ta39,20,180000,1795,1796.85,1795,1795,1806,3.32890056135181,6000,90450,89000,47000,177000,57679.2172733226,180000,180000,180000,180000,180000,0,11,6000,6000,107000,107000,177000,61118.662527013
ta39,20,300000,1795,1796,1795,1795,1806,2.51312344975017,6000,117050,117500,117500,262000,74929.071724356,300000,300000,300000,300000,300000,0,14,6000,6000,148500,148500,262000,79449.6523135706
ta39,20,1800000,1795,1795,1795,1795,1795,0,6000,264850,172500,172500,978000,248676.131586955,1800000,1800000,1800000,1800000,1800000,0,20,6000,6000,172500,172500,978000,248676.131586955
ta39,20,1801000,1795,1795,1795,1795,1795,0,1801000,1801000,1801000,1801000,1801000,0,1801000,1801000,1801000,1801000,1801000,0,20,1801000,1801000,1801000,1801000,1801000,0
ta40,20,180000,1685,1691.5,1691.5,1693,1696,2.48151057560553,6000,68900,62000,89000,128000,38638.540889962,180000,180000,180000,180000,180000,0,1,42000,42000,42000,42000,42000,0
ta40,20,300000,1685,1690.8,1691,1691,1693,2.04167114213616,15000,105150,69500,89000,293000,86280.6162289196,300000,300000,300000,300000,300000,0,1,42000,42000,42000,42000,42000,0
ta40,20,1800000,1671,1680.4,1680,1680,1686,4.05748171834906,1218000,1538450,1583000,1583000,1794000,138044.796314362,1800000,1800000,1800000,1800000,1800000,0,1,1596000,1596000,1596000,1596000,1596000,0
ta40,20,1801000,1671,1680.4,1680,1680,1686,4.05748171834906,1596000,1790750,1801000,1801000,1801000,45839.3935387457,1801000,1801000,1801000,1801000,1801000,0,1,1596000,1596000,1596000,1596000,1596000,0
ta40,20,NA,1671,1680.4,1680,1680,1686,4.05748171834906,1801000,1801050,1801000,1801000,1802000,223.606797749979,1801000,1801050,1801000,1801000,1802000,223.606797749979,1,1802000,1802000,1802000,1802000,1802000,0
ta41,20,180000,2028,2037.1,2037.5,2039,2050,4.81117121094777,40000,99950,98500,98000,159000,39918.9639671488,180000,180000,180000,180000,180000,0,1,40000,40000,40000,40000,40000,0
ta41,20,300000,2026,2034.1,2034.5,2034,2040,4.48271534252458,40000,160600,141500,148000,299000,83412.3555154246,300000,300000,300000,300000,300000,0,1,210000,210000,210000,210000,210000,0
ta41,20,1800000,2011,2019.2,2018,2018,2031,5.33706010143373,1182000,1469750,1427000,1414000,1770000,170994.575167875,1800000,1800000,1800000,1800000,1800000,0,1,1404000,1404000,1404000,1404000,1404000,0
ta41,20,1801000,2011,2019.2,2018,2018,2031,5.33706010143373,1801000,1801000,1801000,1801000,1801000,0,1801000,1801000,1801000,1801000,1801000,0,1,1801000,1801000,1801000,1801000,1801000,0
ta42,20,180000,1966,1968.25,1968,1966,1973,1.97017231413103,12000,109650,101000,163000,179000,44630.9722525796,180000,180000,180000,180000,180000,0,5,12000,12000,126000,126000,179000,69723.0234571049
ta42,20,300000,1958,1966.5,1966.5,1966,1970,2.48151057560553,12000,165250,169500,193500,281000,83717.4917269541,300000,300000,300000,300000,300000,0,1,272000,272000,272000,272000,272000,0
ta42,20,1800000,1942,1956.7,1959,1964,1966,7.88803224077963,176000,1256500,1523000,957000,1800000,571605.725358973,1800000,1800000,1800000,1800000,1800000,0,1,1690000,1690000,1690000,1690000,1690000,0
ta42,20,1801000,1942,1956.7,1959,1964,1966,7.88803224077963,1801000,1801000,1801000,1801000,1801000,0,1801000,1801000,1801000,1801000,1801000,0,1,1801000,1801000,1801000,1801000,1801000,0
ta43,20,180000,1873,1882.25,1883,1875.5,1896,6.52021149156504,23000,115300,124000,101000,180000,57480.5230170689,180000,180000,180000,180000,180000,0,3,31000,31000,114000,114000,180000,74661.4581516684
ta43,20,300000,1872,1878.6,1878,1873,1892,5.32521311656558,31000,189850,184500,184500,300000,80247.1675184666,300000,300000,300000,300000,300000,0,1,278000,278000,278000,278000,278000,0
ta43,20,1800000,1854,1859.95,1857.5,1857,1873,5.02074643223915,1067000,1479700,1504000,1504000,1624000,130892.12110903,1800000,1800000,1800000,1800000,1800000,0,1,1624000,1624000,1624000,1624000,1624000,0
ta43,20,1801000,1854,1859.95,1857.5,1857,1873,5.02074643223915,1801000,1801000,1801000,1801000,1801000,0,1801000,1801000,1801000,1801000,1801000,0,1,1801000,1801000,1801000,1801000,1801000,0
ta44,20,180000,1993,2000.95,2001,2001,2013,4.59376006980636,19000,106250,124000,124000,177000,50851.5641740485,180000,180000,180000,180000,180000,0,1,125000,125000,125000,125000,125000,0
ta44,20,300000,1993,1998.75,1998,1998,2004,2.65320064906718,22000,174250,179000,179000,299000,73429.4326475928,300000,300000,300000,300000,300000,0,1,125000,125000,125000,125000,125000,0
ta44,20,1800000,1983,1987.2,1987,1987,1997,3.73602659744843,174000,1408050,1460500,1460500,1733000,321125.565701905,1800000,1800000,1800000,1800000,1800000,0,3,1269000,1269000,1278000,1278000,1369000,55320.2795847358
ta44,20,1801000,1983,1987.2,1987,1987,1997,3.73602659744843,1801000,1801000,1801000,1801000,1801000,0,1801000,1801000,1801000,1801000,1801000,0,3,1801000,1801000,1801000,1801000,1801000,0
ta45,20,180000,2006,2012.4,2013,2013,2016,2.11261872914562,24000,83150,65500,65500,173000,43606.222395192,180000,180000,180000,180000,180000,0,1,66000,66000,66000,66000,66000,0
ta45,20,300000,2006,2012.15,2013,2013,2013,1.84319516629483,24000,96900,70000,70000,283000,63948.9105293807,300000,300000,300000,300000,300000,0,1,66000,66000,66000,66000,66000,0
ta45,20,1800000,2003,2010,2013,2013,2013,4.21775694939983,32000,601450,132500,132500,1771000,708334.107533117,1800000,1800000,1800000,1800000,1800000,0,1,1564000,1564000,1564000,1564000,1564000,0
ta45,20,1801000,2003,2010,2013,2013,2013,4.21775694939983,1801000,1801000,1801000,1801000,1801000,0,1801000,1801000,1801000,1801000,1801000,0,1,1801000,1801000,1801000,1801000,1801000,0
ta46,20,180000,2027,2038,2038.5,2042,2054,7.86062807186617,10000,116900,123500,123500,178000,47055.2866317909,180000,180000,180000,180000,180000,0,2,69000,69000,98500,98500,128000,41719.3000900063
ta46,20,300000,2027,2034.35,2033,2036.5,2042,5.07081432264452,39000,169850,178500,192000,286000,76503.3710987541,300000,300000,300000,300000,300000,0,2,69000,69000,98500,98500,128000,41719.3000900063
ta46,20,1800000,2018,2024.7,2027,2027,2031,4.52013041265055,510000,1315250,1340000,1340000,1558000,241717.075807321,1800000,1800000,1800000,1800000,1800000,0,3,1023000,1023000,1513000,1513000,1549000,293845.764531894
ta46,20,1801000,2018,2024.7,2027,2027,2031,4.52013041265055,1801000,1801000,1801000,1801000,1801000,0,1801000,1801000,1801000,1801000,1801000,0,3,1801000,1801000,1801000,1801000,1801000,0
ta47,20,180000,1912,1920.65,1920.5,1922,1934,5.08118303671808,16000,87700,88000,88000,157000,44474.8302561774,180000,180000,180000,180000,180000,0,1,30000,30000,30000,30000,30000,0
ta47,20,300000,1912,1920.15,1920.5,1922,1928,4.48711605893092,25000,114350,97000,97000,268000,65801.3557691073,300000,300000,300000,300000,300000,0,1,30000,30000,30000,30000,30000,0
ta47,20,1800000,1902,1906.7,1906.5,1902.5,1915,4.36613764037929,1048000,1496050,1525500,1525500,1788000,185510.526017145,1800000,1800000,1800000,1800000,1800000,0,4,1386000,1386000,1590500,1590500,1617000,107402.66911643
ta47,20,1801000,1902,1906.7,1906.5,1902.5,1915,4.36613764037929,1801000,1801000,1801000,1801000,1801000,0,1801000,1801000,1801000,1801000,1801000,0,4,1801000,1801000,1801000,1801000,1801000,0
ta48,20,180000,1964,1974.45,1973.5,1973,1984,5.66127194188726,25000,101750,100500,170000,174000,50475.50213509,180000,180000,180000,180000,180000,0,1,146000,146000,146000,146000,146000,0
ta48,20,300000,1962,1970.9,1970.5,1969.5,1984,5.83906986103996,25000,168450,202500,202500,263000,82577.8579982488,300000,300000,300000,300000,300000,0,1,215000,215000,215000,215000,215000,0
ta48,20,1800000,1946,1955.2,1954,1949,1969,5.86335632282578,950000,1326350,1349000,1349000,1662000,210461.966810358,1800000,1800000,1800000,1800000,1800000,0,1,1053000,1053000,1053000,1053000,1053000,0
ta48,20,1801000,1946,1955.2,1954,1949,1969,5.86335632282578,1801000,1801000,1801000,1801000,1801000,0,1801000,1801000,1801000,1801000,1801000,0,1,1801000,1801000,1801000,1801000,1801000,0
ta49,20,180000,1983,1992.9,1994.5,1995,2000,5.12886567945533,15000,102800,121000,131500,171000,47947.9981471155,180000,180000,180000,180000,180000,0,1,147000,147000,147000,147000,147000,0
ta49,20,300000,1982,1989.25,1989,1987,1999,4.3754698995771,15000,178400,188500,188500,300000,90794.3888829678,300000,300000,300000,300000,300000,0,1,287000,287000,287000,287000,287000,0
ta49,20,1800000,1968,1973.35,1972.5,1970.5,1981,3.55816333461373,1130000,1468100,1459500,1459500,1772000,204789.211270105,1800000,1800000,1800000,1800000,1800000,0,1,1465000,1465000,1465000,1465000,1465000,0
ta49,20,1801000,1968,1973.35,1972.5,1970.5,1981,3.55816333461373,1801000,1801000,1801000,1801000,1801000,0,1801000,1801000,1801000,1801000,1801000,0,1,1801000,1801000,1801000,1801000,1801000,0
ta50,20,180000,1947,1956.75,1955.5,1956,1970,7.42595023159361,36000,96900,99000,124000,178000,42120.0039986003,180000,180000,180000,180000,180000,0,3,57000,57000,67000,67000,78000,10503.9675043925
ta50,20,300000,1947,1953.85,1952,1949,1970,6.29348033577941,42000,155100,158000,277000,296000,81792.3558389426,300000,300000,300000,300000,300000,0,3,57000,57000,67000,67000,78000,10503.9675043925
ta50,20,1800000,1924,1933.05,1933,1928,1947,5.75348864420078,693000,1427950,1400500,1400500,1789000,242313.297634542,1800000,1800000,1800000,1800000,1800000,0,1,1478000,1478000,1478000,1478000,1478000,0
ta50,20,1801000,1924,1933.05,1933,1928,1947,5.75348864420078,1801000,1801000,1801000,1801000,1801000,0,1801000,1801000,1801000,1801000,1801000,0,1,1801000,1801000,1801000,1801000,1801000,0
