inst.id,n.runs,budget.time,best.f.min,best.f.mean,best.f.med,best.f.mode,best.f.max,best.f.sd,last.improvement.time.min,last.improvement.time.mean,last.improvement.time.med,last.improvement.time.mode,last.improvement.time.max,last.improvement.time.sd,total.time.min,total.time.mean,total.time.med,total.time.mode,total.time.max,total.time.sd,reach.best.f.min.runs,reach.best.f.min.time.min,reach.best.f.min.time.mean,reach.best.f.min.time.med,reach.best.f.min.time.mode,reach.best.f.min.time.max,reach.best.f.min.time.sd
dmu73,20,180000,6361,6479.9,6477,6468,6567,53.9843057115482,116000,156300,164000,180000,180000,22985.3500253852,180000,180000,180000,180000,180000,0,1,119000,119000,119000,119000,119000,0
dmu73,20,300000,6349,6433.85,6447.5,6417,6530,53.3037719609331,166000,264250,279500,294000,300000,37649.1769673095,300000,300000,300000,300000,300000,0,1,273000,273000,273000,273000,273000,0
dmu73,20,1800000,6199,6281.85,6285,6284,6349,34.1995306215866,1094000,1578400,1653500,1795000,1799000,221621.393609153,1800000,1800000,1800000,1800000,1800000,0,1,1405000,1405000,1405000,1405000,1405000,0
dmu73,20,3600000,6159,6229.2,6232.5,6245.5,6289,31.9845357370681,2764000,3226800,3276500,3289000,3591000,227068.410744196,3600000,3600000,3600000,3600000,3600000,0,1,3217000,3217000,3217000,3217000,3217000,0
dmu73,20,3915000,6159,6229.2,6232.5,6245.5,6289,31.9845357370681,2764000,3269950,3289000,3289000,3915000,270035.762738743,3915000,3915000,3915000,3915000,3915000,0,1,3217000,3217000,3217000,3217000,3217000,0
dmu73,20,NA,6159,6228.2,6232.5,6245.5,6289,32.5181730567289,3915000,4055350,4039500,4039500,4247000,95896.4765282141,3915000,4055350,4039500,4039500,4247000,95896.4765282141,1,3935000,3935000,3935000,3935000,3935000,0
dmu75,20,180000,6454,6544.8,6539.5,6539.5,6683,68.3994459811358,159000,171500,174500,171000,180000,7863.97515657049,180000,180000,180000,180000,180000,0,1,180000,180000,180000,180000,180000,0
dmu75,20,300000,6377,6481.25,6478.5,6423,6592,66.9028163989025,195000,273700,274500,273000,300000,25659.9216473349,300000,300000,300000,300000,300000,0,1,238000,238000,238000,238000,238000,0
dmu75,20,1800000,6291,6324.85,6314,6312,6438,35.0882721447674,865000,1558050,1600000,1600000,1780000,224804.587656878,1800000,1800000,1800000,1800000,1800000,0,1,1284000,1284000,1284000,1284000,1284000,0
dmu75,20,3600000,6229,6266.45,6264.5,6251.5,6325,23.9263673095516,2605000,3224450,3260000,3260000,3593000,237694.513144387,3600000,3600000,3600000,3600000,3600000,0,1,3298000,3298000,3298000,3298000,3298000,0
dmu75,20,3932000,6229,6266.45,6264.5,6251.5,6325,23.9263673095516,2605000,3276650,3274500,3274500,3932000,272068.736477422,3932000,3932000,3932000,3932000,3932000,0,1,3298000,3298000,3298000,3298000,3298000,0
dmu75,20,NA,6226,6264.3,6264,6265,6325,24.986522683028,3932000,4111950,4112000,4112000,4260000,86344.7648734573,3932000,4111950,4112000,4112000,4260000,86344.7648734573,1,4260000,4260000,4260000,4260000,4260000,0
dmu74,20,180000,6445,6559.75,6576.5,6583,6658,57.2389957247587,119000,160150,165000,176500,180000,18212.9942045435,180000,180000,180000,180000,180000,0,1,177000,177000,177000,177000,177000,0
dmu74,20,300000,6414,6508.4,6493.5,6461,6618,54.9731034712718,156000,263200,279000,257500,300000,40783.897751312,300000,300000,300000,300000,300000,0,1,275000,275000,275000,275000,275000,0
dmu74,20,1800000,6305,6343.2,6341.5,6340,6397,21.9439477329232,1195000,1623300,1704500,1651000,1800000,182867.539060669,1800000,1800000,1800000,1800000,1800000,0,1,1795000,1795000,1795000,1795000,1795000,0
dmu74,20,3600000,6247,6299.75,6298,6302,6354,28.404734594226,2566000,3070500,3075000,3075000,3543000,267623.557298405,3600000,3600000,3600000,3600000,3600000,0,1,3092000,3092000,3092000,3092000,3092000,0
dmu74,20,3728000,6247,6299.75,6298,6302,6354,28.404734594226,2566000,3093400,3075000,3075000,3728000,302867.245540109,3728000,3728000,3728000,3728000,3728000,0,1,3092000,3092000,3092000,3092000,3092000,0
dmu74,20,NA,6247,6299.15,6298,6302,6354,28.7517047549496,3728000,3944800,3966000,3895000,4055000,86410.647492077,3728000,3944800,3966000,3895000,4055000,86410.647492077,1,3962000,3962000,3962000,3962000,3962000,0
dmu72,20,180000,6642,6742.4,6753,6753,6812,45.8572154685205,112000,166400,174000,180000,180000,17742.0108039766,180000,180000,180000,180000,180000,0,1,164000,164000,164000,164000,164000,0
dmu72,20,300000,6599,6690,6690,6690,6758,45.5873943795408,189000,267700,275500,294000,297000,30549.5283795106,300000,300000,300000,300000,300000,0,1,272000,272000,272000,272000,272000,0
dmu72,20,1800000,6533,6569.55,6566.5,6585,6624,24.7311331598134,882000,1489750,1522000,1522000,1800000,281034.718776693,1800000,1800000,1800000,1800000,1800000,0,1,1681000,1681000,1681000,1681000,1681000,0
dmu72,20,3600000,6487,6531,6531,6533,6590,22.5575287933576,2859000,3262600,3290000,3290000,3528000,202601.865217163,3600000,3600000,3600000,3600000,3600000,0,1,3410000,3410000,3410000,3410000,3410000,0
dmu72,20,4057000,6487,6531,6531,6533,6590,22.5575287933576,2859000,3292500,3290000,3290000,4057000,267002.956813906,4057000,4057000,4057000,4057000,4057000,0,1,3410000,3410000,3410000,3410000,3410000,0
dmu72,20,NA,6487,6529.55,6527,6521,6590,22.7514603348537,4057000,4195950,4200000,4200000,4349000,67377.5497515776,4057000,4195950,4200000,4200000,4349000,67377.5497515776,1,4225000,4225000,4225000,4225000,4225000,0
dmu71,20,180000,6465,6548.1,6557,6538.5,6694,53.5359200616007,103000,153250,158500,141000,179000,23552.5727726405,180000,180000,180000,180000,180000,0,1,141000,141000,141000,141000,141000,0
dmu71,20,300000,6444,6501.65,6498,6498,6605,42.6074801932836,179000,262250,267000,221000,300000,30583.5783249425,300000,300000,300000,300000,300000,0,1,260000,260000,260000,260000,260000,0
dmu71,20,1800000,6290,6350.45,6352,6352,6394,23.3947250014771,838000,1624850,1698000,1698000,1793000,213497.510154346,1800000,1800000,1800000,1800000,1800000,0,1,1759000,1759000,1759000,1759000,1759000,0
dmu71,20,3600000,6241,6297.15,6296.5,6280.5,6336,24.7838551013399,2199000,3341850,3466000,3466000,3597000,341800.692155377,3600000,3600000,3600000,3600000,3600000,0,1,3574000,3574000,3574000,3574000,3574000,0
dmu71,20,4127000,6241,6297.15,6296.5,6280.5,6336,24.7838551013399,2199000,3387150,3517000,3517000,4127000,382549.656219535,4127000,4127000,4127000,4127000,4127000,0,1,3574000,3574000,3574000,3574000,3574000,0
dmu71,20,NA,6241,6293.9,6295.5,6275,6336,25.892287004353,4127000,4217050,4210500,4190000,4343000,51395.7555077316,4127000,4217050,4210500,4190000,4343000,51395.7555077316,1,4211000,4211000,4211000,4211000,4211000,0
dmu76,20,180000,7089,7215.25,7214,7211,7305,64.1469324860388,103000,152850,161500,180000,180000,25298.7933974809,180000,180000,180000,180000,180000,0,1,162000,162000,162000,162000,162000,0
dmu76,20,300000,7021,7168,7176.5,7176.5,7288,71.6556091020757,153000,251950,275000,275000,300000,47604.1517428669,300000,300000,300000,300000,300000,0,1,300000,300000,300000,300000,300000,0
dmu76,20,1800000,6944,7022.25,7012.5,7012.5,7138,43.8512737617314,728000,1552350,1646000,1646000,1782000,286992.806621754,1800000,1800000,1800000,1800000,1800000,0,1,1731000,1731000,1731000,1731000,1731000,0
dmu76,20,3600000,6891,6958.55,6963,6963,7052,39.5999401913424,1985000,3229050,3415500,3415500,3597000,445979.404173969,3600000,3600000,3600000,3600000,3600000,0,1,3510000,3510000,3510000,3510000,3510000,0
dmu76,20,5006000,6891,6957,6963,6963,7052,40.0210470943267,2382000,3380100,3442500,3442500,5006000,509521.127086374,5006000,5006000,5006000,5006000,5006000,0,1,3510000,3510000,3510000,3510000,3510000,0
dmu76,20,NA,6861,6931.1,6932.5,6932,6996,36.6475388704775,5006000,5272150,5253000,5253000,5558000,154071.505955412,5006000,5272150,5253000,5253000,5558000,154071.505955412,1,5318000,5318000,5318000,5318000,5318000,0
dmu78,20,180000,7081,7188.45,7176.5,7138,7353,70.641031017093,86000,158250,160000,160000,180000,21145.7971436904,180000,180000,180000,180000,180000,0,1,129000,129000,129000,129000,129000,0
dmu78,20,300000,7008,7143.2,7144,7144,7296,73.0584481227549,183000,256650,249000,265000,300000,35062.7632741781,300000,300000,300000,300000,300000,0,1,283000,283000,283000,283000,283000,0
dmu78,20,1800000,6891,6950.9,6948,6979,7047,37.037534304654,1178000,1597400,1686500,1686500,1790000,205353.969115717,1800000,1800000,1800000,1800000,1800000,0,1,1725000,1725000,1725000,1725000,1725000,0
dmu78,20,3600000,6844,6889.2,6888.5,6910.5,6969,30.607188698082,2779000,3404350,3453500,3434000,3594000,205837.001174793,3600000,3600000,3600000,3600000,3600000,0,1,3594000,3594000,3594000,3594000,3594000,0
dmu78,20,5291000,6819,6886.4,6888.5,6910.5,6969,34.311882244463,2779000,3489650,3453500,3434000,5291000,469394.938079584,5291000,5291000,5291000,5291000,5291000,0,1,5291000,5291000,5291000,5291000,5291000,0
dmu78,20,NA,6802,6863.55,6856,6856,6968,40.7772834076188,5291000,5461300,5461000,5461000,5680000,103486.637835647,5291000,5461300,5461000,5461000,5680000,103486.637835647,1,5680000,5680000,5680000,5680000,5680000,0
dmu77,20,180000,7136,7249.4,7238.5,7216,7374,61.7246858404744,107000,152450,156000,169000,179000,20223.6833544499,180000,180000,180000,180000,180000,0,1,150000,150000,150000,150000,150000,0
dmu77,20,300000,7099,7213.8,7211.5,7211.5,7373,73.0829377452336,136000,251050,258500,244000,296000,40947.3024624012,300000,300000,300000,300000,300000,0,1,248000,248000,248000,248000,248000,0
dmu77,20,1800000,6906,7008.1,7005.5,7005.5,7109,56.3232213492614,1141000,1586950,1649500,1764000,1783000,190851.96109192,1800000,1800000,1800000,1800000,1800000,0,1,1723000,1723000,1723000,1723000,1723000,0
dmu77,20,3600000,6861,6941.2,6941,6941,7037,50.0532348184358,3055000,3440400,3510000,3510000,3597000,154142.927522683,3600000,3600000,3600000,3600000,3600000,0,1,3574000,3574000,3574000,3574000,3574000,0
dmu77,20,5131000,6861,6940.65,6941,6941,7037,49.2654197074111,3055000,3521200,3514000,3514000,5131000,408684.101399653,5131000,5131000,5131000,5131000,5131000,0,1,3574000,3574000,3574000,3574000,3574000,0
dmu77,20,NA,6822,6912.75,6913,6915.5,7003,48.82069772459,5131000,5341900,5359500,5359500,5525000,104495.227793325,5131000,5341900,5359500,5359500,5525000,104495.227793325,1,5432000,5432000,5432000,5432000,5432000,0
dmu79,20,180000,7282,7367.6,7372.5,7282,7443,48.7349436938436,129000,159950,161000,162000,179000,13609.1107254237,180000,180000,180000,180000,180000,0,2,129000,129000,154000,154000,179000,35355.3390593274
dmu79,20,300000,7234,7315.7,7314.5,7273,7388,44.4606271708019,194000,267150,277000,296000,299000,30145.742476736,300000,300000,300000,300000,300000,0,1,292000,292000,292000,292000,292000,0
dmu79,20,1800000,7120,7174.2,7173,7173,7271,40.8689819326409,1427000,1641950,1681000,1719000,1762000,116107.69728326,1800000,1800000,1800000,1800000,1800000,0,1,1429000,1429000,1429000,1429000,1429000,0
dmu79,20,3600000,7041,7103.9,7102,7090,7223,44.3014791246475,2553000,3381800,3490500,3490500,3589000,299172.824546897,3600000,3600000,3600000,3600000,3600000,0,1,3475000,3475000,3475000,3475000,3475000,0
dmu79,20,5250000,7041,7103.55,7102,7090,7223,44.6264908345988,2553000,3465550,3490500,3490500,5250000,513663.157598133,5250000,5250000,5250000,5250000,5250000,0,1,3475000,3475000,3475000,3475000,3475000,0
dmu79,20,NA,7002,7076.15,7077,7111,7196,46.6671021282941,5250000,5445750,5440000,5440000,5594000,82833.2980338094,5250000,5445750,5440000,5440000,5594000,82833.2980338094,1,5388000,5388000,5388000,5388000,5388000,0
dmu80,20,180000,6979,7088.3,7096.5,7096.5,7209,64.1709066724002,97000,159400,159000,180000,180000,21711.9903812568,180000,180000,180000,180000,180000,0,1,180000,180000,180000,180000,180000,0
dmu80,20,300000,6943,7019.75,7014.5,7014.5,7105,46.2235699730412,181000,267600,286500,290500,300000,35830.5955706484,300000,300000,300000,300000,300000,0,1,196000,196000,196000,196000,196000,0
dmu80,20,1800000,6766,6840.45,6836.5,6835,6941,38.1485669179687,1189000,1578400,1603500,1603500,1733000,137305.805450922,1800000,1800000,1800000,1800000,1800000,0,1,1412000,1412000,1412000,1412000,1412000,0
dmu80,20,3600000,6748,6789.7,6781,6805,6878,30.7538615461538,1924000,3231950,3449500,3449500,3592000,472562.273813282,3600000,3600000,3600000,3600000,3600000,0,1,3527000,3527000,3527000,3527000,3527000,0
dmu80,20,5046000,6747,6788.1,6781,6805,6878,32.140972375819,1924000,3318650,3476000,3476000,5046000,623108.444984119,5046000,5046000,5046000,5046000,5046000,0,1,5046000,5046000,5046000,5046000,5046000,0
dmu80,20,NA,6707,6756.7,6755.5,6766,6827,31.5245935739067,5046000,5223700,5227000,5227000,5409000,100688.733494029,5046000,5223700,5227000,5227000,5409000,100688.733494029,1,5409000,5409000,5409000,5409000,5409000,0
