inst.id,n.runs,budget.time,best.f.min,best.f.mean,best.f.med,best.f.mode,best.f.max,best.f.sd,last.improvement.time.min,last.improvement.time.mean,last.improvement.time.med,last.improvement.time.mode,last.improvement.time.max,last.improvement.time.sd,total.time.min,total.time.mean,total.time.med,total.time.mode,total.time.max,total.time.sd,reach.best.f.min.runs,reach.best.f.min.time.min,reach.best.f.min.time.mean,reach.best.f.min.time.med,reach.best.f.min.time.mode,reach.best.f.min.time.max,reach.best.f.min.time.sd
dmu45,20,180000,3302,3315.65,3317,3318.5,3329,6.76115063393331,11000,93750,99500,145000,170000,50681.5392529926,180000,180000,180000,180000,180000,0,1,114000,114000,114000,114000,114000,0
dmu45,20,300000,3302,3313.6,3314,3312,3324,6.15928909089865,11000,135500,138500,145000,290000,82313.5852444144,300000,3e+05,300000,300000,300000,0,1,114000,114000,114000,114000,114000,0
dmu45,20,1490000,3302,3312.6,3312,3310.5,3324,6.36933442775865,22000,231750,142500,145000,1490000,323818.804921908,1490000,1490000,1490000,1490000,1490000,0,1,114000,114000,114000,114000,114000,0
dmu45,20,NA,3297,3306.4,3308,3309,3312,4.75062322781249,1490000,1685350,1744000,1649000,1812000,124584.477786212,1490000,1685350,1744000,1649000,1812000,124584.477786212,2,1540000,1540000,1644000,1644000,1748000,147078.210486802
dmu41,20,180000,3297,3316.95,3317.5,3312,3340,10.4653563823945,9000,102200,110000,29000,176000,52572.3561539612,180000,180000,180000,180000,180000,0,1,95000,95000,95000,95000,95000,0
dmu41,20,300000,3297,3312.6,3312.5,3312,3326,8.36282500745192,9000,152150,147000,270000,300000,91115.4704063389,300000,3e+05,300000,300000,300000,0,1,95000,95000,95000,95000,95000,0
dmu41,20,964000,3297,3312.6,3312.5,3312,3326,8.36282500745192,9000,195600,163000,270000,964000,202070.180617371,964000,964000,964000,964000,964000,0,1,964000,964000,964000,964000,964000,0
dmu41,20,NA,3288,3301.65,3302,3301.5,3311,5.96723509984667,964000,1381100,1434000,1458500,1519000,183538.006963136,964000,1381100,1434000,1458500,1519000,183538.006963136,1,1417000,1417000,1417000,1417000,1417000,0
dmu42,20,180000,3419,3438.1,3437.5,3436,3451,8.68089250808015,20000,94500,95000,64000,172000,41861.2998012798,180000,180000,180000,180000,180000,0,1,171000,171000,171000,171000,171000,0
dmu42,20,300000,3413,3433.8,3435.5,3435.5,3446,8.14732762127687,20000,187600,200000,200000,298000,87823.6270811233,300000,3e+05,300000,300000,300000,0,1,256000,256000,256000,256000,256000,0
dmu42,20,1481000,3413,3431.75,3432,3436,3446,9.03137804953841,54000,345050,256500,256500,1481000,349522.151244419,1481000,1481000,1481000,1481000,1481000,0,1,256000,256000,256000,256000,256000,0
dmu42,20,NA,3413,3423,3423,3421.5,3433,4.43668914014897,1481000,1747650,1764500,1829000,1847000,104128.602168058,1481000,1747650,1764500,1829000,1847000,104128.602168058,1,1763000,1763000,1763000,1763000,1763000,0
dmu44,20,180000,3515,3534.3,3531.5,3523.5,3564,13.31836879533,29000,88500,76500,76500,175000,48182.2199134647,180000,180000,180000,180000,180000,0,1,86000,86000,86000,86000,86000,0
dmu44,20,300000,3515,3528.4,3527.5,3526.5,3545,8.5187100580212,29000,159450,172000,172000,276000,87789.5060267516,300000,3e+05,300000,300000,300000,0,1,86000,86000,86000,86000,86000,0
dmu44,20,1497000,3510,3527.45,3524.5,3523,3545,9.32159349377336,29000,333450,172000,1497000,1497000,469512.790588623,1497000,1497000,1497000,1497000,1497000,0,1,1497000,1497000,1497000,1497000,1497000,0
dmu44,20,NA,3499,3515.3,3515,3515,3525,6.01839286118636,1497000,1662600,1735000,1744000,1815000,130162.408673084,1497000,1662600,1735000,1744000,1815000,130162.408673084,1,1550000,1550000,1550000,1550000,1550000,0
dmu43,20,180000,3450,3473.1,3476,3476.5,3491,9.36342267605849,10000,91600,104000,80000,176000,51264.4331409522,180000,180000,180000,180000,180000,0,1,116000,116000,116000,116000,116000,0
dmu43,20,300000,3450,3471.1,3474.5,3478,3480,8.12986696337063,10000,144500,125500,125500,298000,90643.0245233291,300000,3e+05,300000,300000,300000,0,1,116000,116000,116000,116000,116000,0
dmu43,20,1724000,3450,3468.05,3471,3477,3480,10.3947101931704,10000,368750,163500,1724000,1724000,514894.457759626,1724000,1724000,1724000,1724000,1724000,0,3,116000,116000,971000,971000,1724000,804538.998433264
dmu43,20,NA,3450,3456.65,3457,3450,3466,5.25432152964035,1724000,1772650,1787500,1796000,1801000,30359.7292131326,1724000,1772650,1787500,1796000,1801000,30359.7292131326,5,1724000,1724000,1795000,1795000,1801000,39518.3501679916
dmu49,20,180000,3751,3777.75,3776.5,3769,3816,17.2866696436422,13000,111500,133500,142000,180000,55255.8641803365,180000,180000,180000,180000,180000,0,1,41000,41000,41000,41000,41000,0
dmu49,20,300000,3748,3772.75,3774.5,3775,3807,17.6213835408783,31000,181100,191000,191000,297000,96361.6543084054,300000,3e+05,300000,300000,300000,0,1,280000,280000,280000,280000,280000,0
dmu49,20,1800000,3726,3749.4,3749.5,3748.5,3774,8.96425650775579,289000,885900,850500,850500,1708000,453770.043779422,1800000,1800000,1800000,1800000,1800000,0,1,1455000,1455000,1455000,1455000,1455000,0
dmu49,20,1960000,3726,3749.4,3749.5,3748.5,3774,8.96425650775579,289000,946700,908000,908000,1960000,511543.597977317,1960000,1960000,1960000,1960000,1960000,0,1,1455000,1455000,1455000,1455000,1455000,0
dmu49,20,NA,3726,3746.8,3748.5,3749,3756,6.70113894482831,1960000,2208350,2252500,2033000,2401000,150386.265820282,1960000,2208350,2252500,2033000,2401000,150386.265820282,1,2023000,2023000,2023000,2023000,2023000,0
dmu48,20,180000,3807,3835.1,3838.5,3839,3856,12.108718042451,49000,119650,114000,90000,180000,43412.6770231437,180000,180000,180000,180000,180000,0,1,108000,108000,108000,108000,108000,0
dmu48,20,300000,3807,3832.3,3834,3834,3849,10.4332464544334,49000,161100,169500,169500,292000,77457.5605361447,300000,3e+05,300000,300000,300000,0,1,108000,108000,108000,108000,108000,0
dmu48,20,1800000,3801,3819.95,3822,3820,3833,8.06209454304851,49000,843650,800500,800500,1786000,513943.195202288,1800000,1800000,1800000,1800000,1800000,0,1,1048000,1048000,1048000,1048000,1048000,0
dmu48,20,1903000,3801,3819.95,3822,3820,3833,8.06209454304851,49000,905250,918500,918500,1903000,563594.560785826,1903000,1903000,1903000,1903000,1903000,0,1,1048000,1048000,1048000,1048000,1048000,0
dmu48,20,NA,3801,3819.6,3822,3820,3833,7.68731011746666,1903000,2143950,2063500,1988000,2390000,176616.883916036,1903000,2143950,2063500,1988000,2390000,176616.883916036,1,2384000,2384000,2384000,2384000,2384000,0
dmu47,20,180000,3980,3999.1,3997,3997,4030,12.0389718043221,46000,107300,105000,105000,168000,36789.7296881387,180000,180000,180000,180000,180000,0,1,62000,62000,62000,62000,62000,0
dmu47,20,300000,3980,3991.2,3988.5,3987,4014,8.33256136775292,46000,191500,215500,276000,294000,78630.0464868635,300000,3e+05,300000,300000,300000,0,1,62000,62000,62000,62000,62000,0
dmu47,20,1800000,3956,3976.35,3977.5,3975,3985,7.67274739787379,192000,766550,800000,800000,1495000,409168.023008435,1800000,1800000,1800000,1800000,1800000,0,1,703000,703000,703000,703000,703000,0
dmu47,20,2001000,3956,3976.35,3977.5,3975,3985,7.67274739787379,192000,829350,890500,890500,2001000,493402.608637739,2001000,2001000,2001000,2001000,2001000,0,1,703000,703000,703000,703000,703000,0
dmu47,20,NA,3956,3975.8,3977,3975,3985,7.46641603589384,2001000,2235200,2315500,2160500,2421000,170689.19122194,2001000,2235200,2315500,2160500,2421000,170689.19122194,1,2421000,2421000,2421000,2421000,2421000,0
dmu46,20,180000,4068,4100.25,4102,4109,4139,17.2317790876716,40000,110650,108500,71000,177000,43124.3916814456,180000,180000,180000,180000,180000,0,1,79000,79000,79000,79000,79000,0
dmu46,20,300000,4068,4095.75,4098,4099.5,4132,16.2961894157402,61000,172000,162500,71000,293000,85814.978449661,300000,3e+05,300000,300000,300000,0,1,79000,79000,79000,79000,79000,0
dmu46,20,1800000,4054,4071.7,4071.5,4072,4084,8.38607868967813,79000,1064350,1184500,1184500,1745000,464549.048455653,1800000,1800000,1800000,1800000,1800000,0,1,1388000,1388000,1388000,1388000,1388000,0
dmu46,20,1948000,4054,4071.7,4071.5,4072,4084,8.38607868967813,79000,1102550,1208000,1208000,1948000,504591.911715221,1948000,1948000,1948000,1948000,1948000,0,1,1388000,1388000,1388000,1388000,1388000,0
dmu46,20,NA,4054,4071.4,4071.5,4072,4083,8.0223372365441,1948000,2063550,2031000,1961000,2359000,135592.064276405,1948000,2063550,2031000,1961000,2359000,135592.064276405,1,2030000,2030000,2030000,2030000,2030000,0
dmu50,20,180000,3750,3781.8,3779,3777,3808,15.395146193388,18000,105950,116000,116000,169000,44438.5738081823,180000,180000,180000,180000,180000,0,1,166000,166000,166000,166000,166000,0
dmu50,20,300000,3750,3774.4,3772.5,3769.5,3796,9.94934538973346,69000,173450,163500,222000,297000,71885.4900811737,300000,3e+05,300000,300000,300000,0,1,166000,166000,166000,166000,166000,0
dmu50,20,1800000,3748,3758.5,3759,3763,3769,6.07410378921082,166000,1007950,1174500,1174500,1705000,449333.714339471,1800000,1800000,1800000,1800000,1800000,0,1,1302000,1302000,1302000,1302000,1302000,0
dmu50,20,1888000,3748,3758.3,3759,3763,3769,5.87680543367425,166000,1048400,1198500,1198500,1888000,490586.694951216,1888000,1888000,1888000,1888000,1888000,0,1,1302000,1302000,1302000,1302000,1302000,0
dmu50,20,NA,3748,3758.3,3759,3763,3769,5.87680543367425,1888000,2037000,1962000,1962000,2343000,153579.398289443,1888000,2037000,1962000,1962000,2343000,153579.398289443,1,2337000,2337000,2337000,2337000,2337000,0
dmu53,20,180000,4437,4503.4,4507.5,4507.5,4538,25.2761589353746,41000,124950,142500,171000,177000,48657.2058816629,180000,180000,180000,180000,180000,0,1,147000,147000,147000,147000,147000,0
dmu53,20,300000,4437,4487.8,4493.5,4493.5,4519,24.440260141608,41000,203050,232500,282000,295000,80573.2585911728,300000,3e+05,300000,300000,300000,0,1,147000,147000,147000,147000,147000,0
dmu53,20,1800000,4437,4455.5,4455.5,4459,4486,11.7585355335916,147000,1038450,1137000,1137000,1750000,471967.937693363,1800000,1800000,1800000,1800000,1800000,0,1,147000,147000,147000,147000,147000,0
dmu53,20,2416000,4437,4455.5,4455.5,4459,4486,11.7585355335916,147000,1104400,1218500,1218500,2416000,563800.487294649,2416000,2416000,2416000,2416000,2416000,0,1,147000,147000,147000,147000,147000,0
dmu53,20,NA,4437,4453.9,4452,4459,4486,11.6252900359971,2416000,2683150,2683500,2683500,2967000,236748.650860381,2416000,2683150,2683500,2683500,2967000,236748.650860381,1,2428000,2428000,2428000,2428000,2428000,0
dmu51,20,180000,4237,4272,4275,4275,4315,22.447599801362,27000,137100,156000,178000,178000,43117.8312119366,180000,180000,180000,180000,180000,0,1,118000,118000,118000,118000,118000,0
dmu51,20,300000,4237,4260.85,4262,4262,4296,16.626785618393,85000,201000,219000,219000,299000,68872.880615018,300000,3e+05,300000,300000,300000,0,1,118000,118000,118000,118000,118000,0
dmu51,20,1800000,4213,4234.05,4237,4239,4246,9.63259269902258,118000,1013900,961500,961500,1608000,466048.551796461,1800000,1800000,1800000,1800000,1800000,0,1,808000,808000,808000,808000,808000,0
dmu51,20,2429000,4213,4234.05,4237,4239,4246,9.63259269902258,118000,1077250,961500,961500,2429000,563220.707884106,2429000,2429000,2429000,2429000,2429000,0,1,808000,808000,808000,808000,808000,0
dmu51,20,NA,4213,4229.9,4231.5,4237,4241,7.84655472501349,2429000,2569450,2545500,2545500,3036000,126042.797660577,2429000,2569450,2545500,2545500,3036000,126042.797660577,1,2607000,2607000,2607000,2607000,2607000,0
dmu54,20,180000,4442,4470.05,4471,4471,4508,18.1904399414406,74000,136750,150000,128500,177000,35123.6537483158,180000,180000,180000,180000,180000,0,1,153000,153000,153000,153000,153000,0
dmu54,20,300000,4429,4453.7,4446,4444,4486,17.3420693234992,74000,223750,226500,230000,300000,54349.6235400703,300000,3e+05,300000,300000,300000,0,1,188000,188000,188000,188000,188000,0
dmu54,20,1800000,4408,4424.25,4423.5,4426,4448,9.87753964677866,360000,996950,1140000,1140000,1728000,503743.927741905,1800000,1800000,1800000,1800000,1800000,0,1,1191000,1191000,1191000,1191000,1191000,0
dmu54,20,2449000,4408,4424.25,4423.5,4426,4448,9.87753964677866,360000,1100850,1183000,1183000,2449000,576839.508373909,2449000,2449000,2449000,2449000,2449000,0,1,1191000,1191000,1191000,1191000,1191000,0
dmu54,20,NA,4408,4418.95,4418,4417,4433,7.60522673456949,2449000,2536500,2545000,2545000,2866000,90425.6018707324,2449000,2536500,2545000,2545000,2866000,90425.6018707324,2,2529000,2529000,2697500,2697500,2866000,238294.985259867
dmu55,20,180000,4336,4378,4374,4358,4425,23.4341181770691,69000,123800,130500,69000,173000,34042.6976480698,180000,180000,180000,180000,180000,0,1,85000,85000,85000,85000,85000,0
dmu55,20,300000,4331,4360.55,4358.5,4345.5,4408,21.6660661185327,69000,216400,228000,228000,300000,73765.2036068355,300000,3e+05,300000,300000,300000,0,1,297000,297000,297000,297000,297000,0
dmu55,20,1800000,4312,4330.5,4331,4328,4345,8.1724827123837,85000,1075350,1152500,1152500,1760000,465184.092025602,1800000,1800000,1800000,1800000,1800000,0,1,1557000,1557000,1557000,1557000,1557000,0
dmu55,20,2431000,4312,4329.9,4328,4328,4345,7.87333942391731,85000,1139500,1166000,1166000,2431000,555438.802351704,2431000,2431000,2431000,2431000,2431000,0,1,1557000,1557000,1557000,1557000,1557000,0
dmu55,20,NA,4310,4325.25,4327,4328,4336,7.58721223333605,2431000,2833250,2879500,2861000,2999000,171910.281067893,2431000,2833250,2879500,2861000,2999000,171910.281067893,1,2999000,2999000,2999000,2999000,2999000,0
dmu52,20,180000,4414,4450.1,4448.5,4433,4521,25.9085436020427,69000,143100,146500,178500,180000,31684.1318411333,180000,180000,180000,180000,180000,0,1,147000,147000,147000,147000,147000,0
dmu52,20,300000,4376,4427.5,4422.5,4419,4511,31.2687838283689,69000,234750,263000,261000,297000,70999.5366923356,300000,3e+05,300000,300000,300000,0,1,228000,228000,228000,228000,228000,0
dmu52,20,1800000,4365,4379.6,4377.5,4366,4404,12.3177236447922,228000,1054100,1002000,1002000,1798000,416635.635335696,1800000,1800000,1800000,1800000,1800000,0,1,1280000,1280000,1280000,1280000,1280000,0
dmu52,20,2453000,4365,4379.6,4377.5,4366,4404,12.3177236447922,228000,1112750,1002000,1002000,2453000,519879.224334592,2453000,2453000,2453000,2453000,2453000,0,1,2453000,2453000,2453000,2453000,2453000,0
dmu52,20,NA,4365,4375.4,4370.5,4365.5,4400,10.6543788872784,2453000,2843100,2953000,3079000,3100000,223096.132217765,2453000,2843100,2953000,3079000,3100000,223096.132217765,3,2453000,2453000,2977000,2977000,2979000,303110.540892263
dmu58,20,180000,4856,4903.5,4900.5,4882,4970,29.6993708953396,68000,147500,161000,163000,179000,29418.0395783196,180000,180000,180000,180000,180000,0,1,175000,175000,175000,175000,175000,0
dmu58,20,300000,4830,4868.65,4860,4856,4935,25.169478174546,114000,236400,247000,292000,298000,54277.4548524814,300000,3e+05,300000,300000,300000,0,1,256000,256000,256000,256000,256000,0
dmu58,20,1800000,4782,4804.5,4805.5,4810,4828,12.3138774944113,764000,1269300,1305000,1305000,1744000,319848.006666324,1800000,1800000,1800000,1800000,1800000,0,1,764000,764000,764000,764000,764000,0
dmu58,20,3179000,4781,4799.7,4797.5,4794,4828,13.9363213450171,764000,1707450,1484000,1484000,3179000,799000.920558063,3179000,3179000,3179000,3179000,3179000,0,1,2987000,2987000,2987000,2987000,2987000,0
dmu58,20,NA,4760,4792.85,4794,4797,4809,11.6541160562538,3179000,3559100,3584500,3183000,4500000,322362.643127597,3179000,3559100,3584500,3183000,4500000,322362.643127597,1,3183000,3183000,3183000,3183000,3183000,0
dmu60,20,180000,4855,4926.95,4931.5,4935,5014,43.0721243350829,72000,152300,165000,170000,180000,31264.7438903042,180000,180000,180000,180000,180000,0,1,170000,170000,170000,170000,170000,0
dmu60,20,300000,4811,4894.65,4883,4894,4976,43.1512334397109,80000,238450,263000,295000,300000,63305.8365979664,300000,3e+05,300000,300000,300000,0,1,256000,256000,256000,256000,256000,0
dmu60,20,1800000,4800,4821.65,4823.5,4808,4852,12.5751425648505,256000,1247700,1377000,1377000,1790000,489782.454393355,1800000,1800000,1800000,1800000,1800000,0,1,1310000,1310000,1310000,1310000,1310000,0
dmu60,20,2913000,4800,4817.5,4815,4808,4852,13.4379666381645,256000,1583050,1488000,1488000,2913000,816918.760052868,2913000,2913000,2913000,2913000,2913000,0,1,1310000,1310000,1310000,1310000,1310000,0
dmu60,20,NA,4800,4811.45,4808.5,4811,4831,8.37587387428289,2913000,3505350,3546500,3546500,4170000,402005.534787769,2913000,3505350,3546500,3546500,4170000,402005.534787769,1,3216000,3216000,3216000,3216000,3216000,0
dmu59,20,180000,4731,4789.1,4779,4794,4900,47.2261078552732,88000,137650,141500,154000,179000,26410.2751136551,180000,180000,180000,180000,180000,0,1,113000,113000,113000,113000,113000,0
dmu59,20,300000,4713,4765.7,4764.5,4725,4868,39.9382417977399,113000,240800,261500,277500,297000,52414.9436305094,300000,3e+05,300000,300000,300000,0,1,287000,287000,287000,287000,287000,0
dmu59,20,1800000,4674,4701.5,4702,4702,4729,13.228756555323,338000,1232800,1312500,1312500,1741000,420646.94534916,1800000,1800000,1800000,1800000,1800000,0,1,1175000,1175000,1175000,1175000,1175000,0
dmu59,20,3295000,4674,4700.25,4700.5,4702,4729,13.5680545865337,338000,1387450,1343500,1343500,3295000,685252.967120441,3295000,3295000,3295000,3295000,3295000,0,1,1175000,1175000,1175000,1175000,1175000,0
dmu59,20,NA,4670,4691.4,4694,4702.5,4710,12.0236608839667,3295000,3490050,3426500,3358000,4056000,242924.825928993,3295000,3490050,3426500,3358000,4056000,242924.825928993,1,3447000,3447000,3447000,3447000,3447000,0
dmu57,20,180000,4775,4861.15,4865,4859,4957,45.3492586836642,66000,146350,158500,176000,178000,33310.7774562054,180000,180000,180000,180000,180000,0,1,66000,66000,66000,66000,66000,0
dmu57,20,300000,4765,4831.25,4829.5,4847.5,4919,42.4560143901278,66000,233250,254500,254500,299000,58695.355325972,300000,3e+05,300000,300000,300000,0,1,207000,207000,207000,207000,207000,0
dmu57,20,1800000,4698,4742.2,4745,4744.5,4775,19.3896336926937,433000,1363100,1496500,1496500,1771000,394008.001521743,1800000,1800000,1800000,1800000,1800000,0,1,1740000,1740000,1740000,1740000,1740000,0
dmu57,20,3280000,4698,4738.25,4744.5,4745,4766,18.0492746610348,433000,1555100,1578000,1578000,3280000,681280.134051061,3280000,3280000,3280000,3280000,3280000,0,1,1740000,1740000,1740000,1740000,1740000,0
dmu57,20,NA,4692,4725.35,4724,4719.5,4751,17.9480976854461,3280000,3516800,3419000,3419000,4038000,239736.609856032,3280000,3516800,3419000,3419000,4038000,239736.609856032,1,3381000,3381000,3381000,3381000,3381000,0
dmu56,20,180000,5060,5118.45,5118.5,5121,5188,39.0727728597212,42000,137100,139000,137000,180000,32090.1690143324,180000,180000,180000,180000,180000,0,1,137000,137000,137000,137000,137000,0
dmu56,20,300000,5044,5091.85,5089.5,5076,5156,31.5115267130851,137000,245850,263500,280000,299000,50019.2331429674,300000,3e+05,300000,300000,300000,0,1,255000,255000,255000,255000,255000,0
dmu56,20,1800000,4995,5037.65,5041,5056,5068,23.2950751515377,528000,1269250,1351500,1351500,1783000,399230.163795536,1800000,1800000,1800000,1800000,1800000,0,1,870000,870000,870000,870000,870000,0
dmu56,20,3244000,4995,5033.75,5041,5056,5068,26.9109154140295,528000,1460350,1429500,1429500,3244000,674898.844272236,3244000,3244000,3244000,3244000,3244000,0,1,870000,870000,870000,870000,870000,0
dmu56,20,NA,4987,5024.1,5024.5,5011,5059,22.8862174106693,3244000,3425900,3324000,3246000,3976000,232816.146121219,3244000,3425900,3324000,3246000,3976000,232816.146121219,1,3246000,3246000,3246000,3246000,3246000,0
dmu61,20,180000,5326,5391.1,5378,5378,5515,49.7519108334439,125000,158000,159000,177000,180000,19213.4821085831,180000,180000,180000,180000,180000,0,1,169000,169000,169000,169000,169000,0
dmu61,20,300000,5291,5349.1,5346.5,5400,5408,37.7134626248757,127000,249350,259000,265000,300000,42601.3034147029,300000,3e+05,300000,300000,300000,0,1,207000,207000,207000,207000,207000,0
dmu61,20,1800000,5238,5257.6,5254.5,5254,5294,12.7873292549181,517000,1339900,1371500,1371500,1761000,292141.620307325,1800000,1800000,1800000,1800000,1800000,0,1,1307000,1307000,1307000,1307000,1307000,0
dmu61,20,3468000,5234,5246.9,5244.5,5247.5,5263,8.05180594322593,1242000,2060750,1840000,1840000,3468000,768925.010031948,3468000,3468000,3468000,3468000,3468000,0,1,3400000,3400000,3400000,3400000,3400000,0
dmu61,20,NA,5233,5243.8,5243,5241.5,5255,6.59824538080111,3468000,3803350,3648000,3648000,4222000,285520.812219576,3468000,3803350,3648000,3648000,4222000,285520.812219576,1,3526000,3526000,3526000,3526000,3526000,0
dmu64,20,180000,5408,5496.2,5487.5,5478,5585,44.1511757011008,141000,164300,166500,161000,179000,11539.8622631569,180000,180000,180000,180000,180000,0,1,160000,160000,160000,160000,160000,0
dmu64,20,300000,5380,5439.1,5433,5441,5575,43.8573044987347,141000,251700,277500,283500,297000,50413.1352975226,300000,3e+05,300000,300000,300000,0,1,282000,282000,282000,282000,282000,0
dmu64,20,1800000,5300,5334.3,5335,5354,5357,16.3485070942434,781000,1455300,1482000,1482000,1783000,266963.253927143,1800000,1800000,1800000,1800000,1800000,0,1,1773000,1773000,1773000,1773000,1773000,0
dmu64,20,3428000,5299,5323.5,5323,5313,5355,16.9472866948013,878000,1949100,1698000,1698000,3428000,709034.176297514,3428000,3428000,3428000,3428000,3428000,0,1,2351000,2351000,2351000,2351000,2351000,0
dmu64,20,NA,5294,5313.25,5313,5300,5338,12.1433325868886,3428000,3564300,3583000,3640000,3640000,69200.0152114373,3428000,3564300,3583000,3640000,3640000,69200.0152114373,1,3470000,3470000,3470000,3470000,3470000,0
dmu62,20,180000,5329,5386.1,5383.5,5369,5438,29.1762340198139,104000,149950,149500,144000,180000,23674.2698436843,180000,180000,180000,180000,180000,0,1,170000,170000,170000,170000,170000,0
dmu62,20,300000,5319,5360.15,5357,5346,5416,26.1257586140172,135000,250250,283000,283500,299000,51506.642392281,300000,3e+05,300000,300000,300000,0,1,284000,284000,284000,284000,284000,0
dmu62,20,1800000,5295,5327.65,5327,5330,5357,15.6584431571361,196000,1017100,1060500,1060500,1742000,455273.64819067,1800000,1800000,1800000,1800000,1800000,0,1,1161000,1161000,1161000,1161000,1161000,0
dmu62,20,3390000,5295,5327.65,5327,5330,5357,15.6584431571361,196000,1117100,1060500,1060500,3390000,696978.735611594,3390000,3390000,3390000,3390000,3390000,0,1,1161000,1161000,1161000,1161000,1161000,0
dmu62,20,NA,5295,5320.45,5323,5327,5334,10.9903067339025,3390000,3465450,3470500,3456500,3558000,54925.2841786482,3390000,3465450,3470500,3456500,3558000,54925.2841786482,1,3463000,3463000,3463000,3463000,3463000,0
dmu65,20,180000,5267,5358.15,5368.5,5323,5437,47.7066419297201,127000,152250,152500,156000,178000,16035.7331245598,180000,180000,180000,180000,180000,0,1,135000,135000,135000,135000,135000,0
dmu65,20,300000,5251,5323.75,5322,5322.5,5419,39.1809231239146,135000,243600,260000,226000,299000,47296.8230823616,300000,3e+05,300000,300000,300000,0,1,272000,272000,272000,272000,272000,0
dmu65,20,1800000,5210,5239.75,5241.5,5236,5263,16.6571464037448,810000,1414950,1580500,1580500,1752000,307664.62858803,1800000,1800000,1800000,1800000,1800000,0,1,1389000,1389000,1389000,1389000,1389000,0
dmu65,20,3559000,5209,5227.25,5225,5229,5257,15.0887724030678,1042000,2455200,2742000,2742000,3559000,866537.4896983,3559000,3559000,3559000,3559000,3559000,0,2,1822000,1822000,2275500,2275500,2729000,641345.850536199
dmu65,20,NA,5209,5225.85,5224.5,5229,5257,14.209985369821,3559000,3689150,3730000,3611000,3783000,80893.871344204,3559000,3689150,3730000,3611000,3783000,80893.871344204,2,3746000,3746000,3758500,3758500,3771000,17677.6695296637
dmu63,20,180000,5409,5509.65,5509.5,5509.5,5628,42.1392116430141,95000,152700,167000,172000,180000,28373.6349080398,180000,180000,180000,180000,180000,0,1,150000,150000,150000,150000,150000,0
dmu63,20,300000,5409,5472.65,5474.5,5469,5516,29.60667598968,150000,257950,273500,270000,298000,42366.1669880951,300000,3e+05,300000,300000,300000,0,1,150000,150000,150000,150000,150000,0
dmu63,20,1800000,5383,5405.3,5402.5,5398,5442,15.7884034725024,537000,1306300,1375000,1375000,1787000,409838.235096932,1800000,1800000,1800000,1800000,1800000,0,1,1456000,1456000,1456000,1456000,1456000,0
dmu63,20,3381000,5383,5404.2,5402.5,5402.5,5442,14.9335369660302,537000,1524700,1535000,1535000,3381000,750780.372959398,3381000,3381000,3381000,3381000,3381000,0,1,1456000,1456000,1456000,1456000,1456000,0
dmu63,20,NA,5383,5398.25,5395.5,5392,5427,11.3873198177437,3381000,3520500,3546500,3565500,3674000,74711.022226344,3381000,3520500,3546500,3565500,3674000,74711.022226344,1,3544000,3544000,3544000,3544000,3544000,0
dmu66,20,180000,5953,6006.95,6001,5992,6082,32.0714252222983,62000,143750,149500,152000,180000,31048.1374981699,180000,180000,180000,180000,180000,0,1,152000,152000,152000,152000,152000,0
dmu66,20,300000,5907,5986.3,5989.5,5991,6035,35.5040397997927,62000,233800,239000,200000,295000,59400.1594894191,300000,3e+05,300000,300000,300000,0,1,286000,286000,286000,286000,286000,0
dmu66,20,1800000,5847,5903.15,5899.5,5895,5946,29.2453775024902,523000,1335050,1408500,1408500,1782000,372306.95810397,1800000,1800000,1800000,1800000,1800000,0,1,1701000,1701000,1701000,1701000,1701000,0
dmu66,20,3600000,5817,5868,5862,5858,5923,27.3187808928891,1334000,2759850,2972500,2972500,3598000,646017.375927304,3600000,3600000,3600000,3600000,3600000,0,1,3357000,3357000,3357000,3357000,3357000,0
dmu66,20,4661000,5817,5866.55,5859.5,5855.5,5923,27.9689207213255,1334000,2841900,2994500,2994500,4661000,772605.972973083,4661000,4661000,4661000,4661000,4661000,0,1,3357000,3357000,3357000,3357000,3357000,0
dmu66,20,NA,5817,5854,5850,5820,5919,26.0424754260379,4661000,5164000,5018000,5018000,6019000,423412.701497574,4661000,5164000,5018000,5018000,6019000,423412.701497574,1,5435000,5435000,5435000,5435000,5435000,0
dmu69,20,180000,5953,6031.3,6030.5,5969,6122,47.1783848812144,126000,163350,166500,178000,180000,15315.1971308859,180000,180000,180000,180000,180000,0,1,176000,176000,176000,176000,176000,0
dmu69,20,300000,5898,5989.1,5987,5960,6075,47.8769255487442,164000,265450,283000,300000,300000,41345.1136296979,300000,3e+05,300000,300000,300000,0,1,258000,258000,258000,258000,258000,0
dmu69,20,1800000,5814,5865.95,5867,5888,5917,23.5561479292171,682000,1464100,1532000,1532000,1791000,279860.472754775,1800000,1800000,1800000,1800000,1800000,0,1,1009000,1009000,1009000,1009000,1009000,0
dmu69,20,3600000,5812,5840.7,5839,5834.5,5888,18.764748585411,682000,2877650,3119000,3119000,3581000,723946.514090066,3600000,3600000,3600000,3600000,3600000,0,1,2591000,2591000,2591000,2591000,2591000,0
dmu69,20,4520000,5812,5839.2,5837,5829,5888,19.8244930910172,682000,3018050,3184000,3184000,4520000,757495.977060709,4520000,4520000,4520000,4520000,4520000,0,2,2591000,2591000,3555500,3555500,4520000,1364008.98090885
dmu69,20,NA,5799,5825.3,5820,5812,5888,20.5300806263959,4520000,4699000,4696500,4696500,5054000,129616.032146775,4520000,4699000,4696500,4696500,5054000,129616.032146775,1,4762000,4762000,4762000,4762000,4762000,0
dmu67,20,180000,6027,6123.2,6113,6144,6241,58.5945928886742,84000,153250,166500,180000,180000,30336.4900998607,180000,180000,180000,180000,180000,0,1,148000,148000,148000,148000,148000,0
dmu67,20,300000,5994,6079.05,6073.5,6063,6196,50.9679723995993,142000,267050,281500,300000,300000,42021.8927903564,300000,3e+05,300000,300000,300000,0,1,300000,300000,300000,300000,300000,0
dmu67,20,1800000,5906,5959.05,5954,5954,6037,36.5635351855255,773000,1344050,1416500,1416500,1770000,290702.140017108,1800000,1800000,1800000,1800000,1800000,0,1,1156000,1156000,1156000,1156000,1156000,0
dmu67,20,3600000,5889,5929.55,5934.5,5929,5969,26.0009615206823,809000,2769150,3027000,3438000,3500000,740931.296978408,3600000,3600000,3600000,3600000,3600000,0,2,3267000,3267000,3352500,3352500,3438000,120915.2595829
dmu67,20,4308000,5889,5929.55,5934.5,5929,5969,26.0009615206823,809000,2812650,3027000,3027000,4308000,805032.152022187,4308000,4308000,4308000,4308000,4308000,0,2,3267000,3267000,3352500,3352500,3438000,120915.2595829
dmu67,20,NA,5887,5917.3,5915,5913,5954,20.4118128852671,4308000,4782350,4695000,4695000,5502000,251221.913853071,4308000,4782350,4695000,4695000,5502000,251221.913853071,1,4628000,4628000,4628000,4628000,4628000,0
dmu68,20,180000,5983,6047.15,6045,6029,6150,46.3297960280423,125000,157750,157000,164000,180000,15011.8374344347,180000,180000,180000,180000,180000,0,1,144000,144000,144000,144000,144000,0
dmu68,20,300000,5931,6001.8,5994.5,5997.5,6083,37.3357455361058,166000,257000,273000,298000,300000,41453.8424350696,300000,3e+05,300000,300000,300000,0,1,274000,274000,274000,274000,274000,0
dmu68,20,1800000,5855,5905.7,5905,5878.5,5960,26.2038566868154,687000,1374300,1535500,1535500,1759000,365208.822744641,1800000,1800000,1800000,1800000,1800000,0,1,1231000,1231000,1231000,1231000,1231000,0
dmu68,20,3600000,5847,5886.05,5881,5883,5926,23.6186255672131,1515000,2574500,2435500,2435500,3504000,722560.833352277,3600000,3600000,3600000,3600000,3600000,0,1,1944000,1944000,1944000,1944000,1944000,0
dmu68,20,4472000,5847,5884.5,5881,5883,5926,21.9556970187454,1515000,2692500,2719000,2719000,4472000,828057.619403766,4472000,4472000,4472000,4472000,4472000,0,1,1944000,1944000,1944000,1944000,1944000,0
dmu68,20,NA,5834,5874.35,5872.5,5872,5914,24.3964514244442,4472000,4650600,4632000,4632000,4876000,113722.376634365,4472000,4650600,4632000,4632000,4876000,113722.376634365,1,4634000,4634000,4634000,4634000,4634000,0
dmu70,20,180000,6144,6219.35,6212,6212,6321,46.5338303648115,89000,141700,137000,149500,180000,26701.2714067484,180000,180000,180000,180000,180000,0,1,168000,168000,168000,168000,168000,0
dmu70,20,300000,6116,6183.05,6175.5,6147,6296,48.7263842934789,95000,242000,254000,254000,300000,48924.2163694874,300000,3e+05,300000,300000,300000,0,1,290000,290000,290000,290000,290000,0
dmu70,20,1800000,5992,6055.1,6059.5,6079.5,6108,30.7825993225496,758000,1444700,1496000,1496000,1785000,286106.917814045,1800000,1800000,1800000,1800000,1800000,0,1,1701000,1701000,1701000,1701000,1701000,0
dmu70,20,3600000,5967,6024.9,6027,6033,6072,27.5698156838617,758000,2710750,2869000,2869000,3527000,636506.573745356,3600000,3600000,3600000,3600000,3600000,0,1,2643000,2643000,2643000,2643000,2643000,0
dmu70,20,4715000,5967,6024.75,6026,6022,6072,27.5315608367064,758000,2827400,2918500,2918500,4715000,772367.133864255,4715000,4715000,4715000,4715000,4715000,0,1,2643000,2643000,2643000,2643000,2643000,0
dmu70,20,NA,5967,6011.8,6022,6031.5,6053,26.3310902886583,4715000,4907150,4932500,4932500,5227000,133869.643978564,4715000,4907150,4932500,4932500,5227000,133869.643978564,1,4723000,4723000,4723000,4723000,4723000,0
dmu73,20,180000,6369,6472.4,6475.5,6475.5,6608,61.4040972402879,112000,158750,169500,177000,179000,22496.490954439,180000,180000,180000,180000,180000,0,1,177000,177000,177000,177000,177000,0
dmu73,20,300000,6348,6423.85,6415.5,6458.5,6531,55.9014875990744,254000,278800,280000,280000,299000,14240.7864951343,300000,3e+05,300000,300000,300000,0,1,272000,272000,272000,272000,272000,0
dmu73,20,1800000,6240,6288.8,6279.5,6279.5,6349,33.6524027452174,990000,1513550,1641500,1641500,1779000,268963.209184336,1800000,1800000,1800000,1800000,1800000,0,1,1717000,1717000,1717000,1717000,1717000,0
dmu73,20,3600000,6200,6251.2,6245,6245,6311,31.7466948134597,2167000,3115800,3270000,3270000,3596000,404996.634164051,3600000,3600000,3600000,3600000,3600000,0,1,3192000,3192000,3192000,3192000,3192000,0
dmu73,20,4403000,6200,6250.8,6245,6245,6311,31.0086575347154,2167000,3158250,3270000,3270000,4403000,489104.861752031,4403000,4403000,4403000,4403000,4403000,0,1,3192000,3192000,3192000,3192000,3192000,0
dmu73,20,NA,6191,6241.85,6236.5,6236,6311,28.6508473283353,4403000,4635300,4632000,4632000,4956000,137090.481069985,4403000,4635300,4632000,4632000,4956000,137090.481069985,1,4749000,4749000,4749000,4749000,4749000,0
dmu75,20,180000,6458,6574.05,6577.5,6577.5,6731,74.0166944184323,125000,166950,175500,180000,180000,18406.1631554559,180000,180000,180000,180000,180000,0,1,179000,179000,179000,179000,179000,0
dmu75,20,300000,6410,6502.7,6491,6491,6635,61.4149818855302,238000,280150,281500,280000,300000,15785.653046525,300000,3e+05,300000,300000,300000,0,1,260000,260000,260000,260000,260000,0
dmu75,20,1800000,6294,6327.1,6321.5,6328.5,6390,26.9226963535855,922000,1587750,1654500,1654500,1790000,220501.790182493,1800000,1800000,1800000,1800000,1800000,0,1,1744000,1744000,1744000,1744000,1744000,0
dmu75,20,3600000,6273,6294.75,6288,6287,6351,20.364765753883,922000,2722650,2842500,2842500,3501000,630857.084073973,3600000,3600000,3600000,3600000,3600000,0,1,3215000,3215000,3215000,3215000,3215000,0
dmu75,20,4431000,6273,6294.75,6288,6287,6351,20.364765753883,922000,2789900,2842500,2842500,4431000,734761.60831431,4431000,4431000,4431000,4431000,4431000,0,1,3215000,3215000,3215000,3215000,3215000,0
dmu75,20,NA,6265,6287.35,6285.5,6286,6333,17.8422178229643,4431000,4657650,4639000,4639000,4846000,119204.942938842,4431000,4657650,4639000,4639000,4846000,119204.942938842,1,4640000,4640000,4640000,4640000,4640000,0
dmu74,20,180000,6429,6568.85,6570.5,6575,6743,84.159169372527,114000,163700,169500,177500,179000,19172.6230256637,180000,180000,180000,180000,180000,0,1,168000,168000,168000,168000,168000,0
dmu74,20,300000,6407,6526.15,6517,6514,6669,69.7908718205589,168000,266300,283000,297500,299000,40882.5017259025,300000,3e+05,300000,300000,300000,0,1,296000,296000,296000,296000,296000,0
dmu74,20,1800000,6304,6358.15,6347.5,6331,6482,41.1675331963634,1061000,1519100,1512000,1512000,1798000,225440.364386542,1800000,1800000,1800000,1800000,1800000,0,1,1656000,1656000,1656000,1656000,1656000,0
dmu74,20,3600000,6272,6322.1,6314,6313,6407,28.4880399650912,1656000,3050750,3259000,3259000,3590000,560601.450981092,3600000,3600000,3600000,3600000,3600000,0,1,2795000,2795000,2795000,2795000,2795000,0
dmu74,20,4240000,6272,6322.1,6314,6313,6407,28.4880399650912,1656000,3129600,3292000,3292000,4240000,611762.974396216,4240000,4240000,4240000,4240000,4240000,0,1,2795000,2795000,2795000,2795000,2795000,0
dmu74,20,NA,6272,6313.9,6310.5,6315.5,6370,22.5222696808947,4240000,4454600,4437000,4437000,4701000,107814.362874829,4240000,4454600,4437000,4437000,4701000,107814.362874829,1,4602000,4602000,4602000,4602000,4602000,0
dmu72,20,180000,6693,6756.55,6757.5,6719.5,6819,38.199579771731,134000,163300,169500,179000,180000,16454.4027062988,180000,180000,180000,180000,180000,0,1,139000,139000,139000,139000,139000,0
dmu72,20,300000,6645,6702.5,6698,6689,6763,32.9281514497054,177000,273250,283000,274000,299000,33096.1517877516,300000,3e+05,300000,300000,300000,0,1,291000,291000,291000,291000,291000,0
dmu72,20,1800000,6541,6575.2,6570,6570,6641,22.9314768730439,816000,1462250,1523500,1523500,1796000,277129.434893175,1800000,1800000,1800000,1800000,1800000,0,1,816000,816000,816000,816000,816000,0
dmu72,20,3600000,6541,6555.6,6554,6552,6577,9.83227767155334,816000,2372050,2445500,2445500,3590000,721055.036588383,3600000,3600000,3600000,3600000,3600000,0,2,816000,816000,1639500,1639500,2463000,1164604.86861424
dmu72,20,4695000,6541,6555.6,6554,6552,6577,9.83227767155334,816000,2438000,2445500,2445500,4695000,863885.957385824,4695000,4695000,4695000,4695000,4695000,0,2,816000,816000,1639500,1639500,2463000,1164604.86861424
dmu72,20,NA,6531,6549.55,6551,6542,6566,9.34415099914042,4695000,4876300,4851500,4851500,5255000,155294.660497222,4695000,4876300,4851500,4851500,5255000,155294.660497222,1,4716000,4716000,4716000,4716000,4716000,0
dmu71,20,180000,6502,6564.75,6542.5,6537,6698,48.7786353146323,110000,160000,166500,153000,180000,20277.0287452783,180000,180000,180000,180000,180000,0,1,110000,110000,110000,110000,110000,0
dmu71,20,300000,6450,6513.85,6500,6470,6641,49.6612472022624,183000,263350,272500,282000,300000,32151.4098896881,300000,3e+05,300000,300000,300000,0,2,253000,253000,258000,258000,263000,7071.06781186548
dmu71,20,1800000,6313,6362.75,6356,6380,6409,29.1563390236696,1161000,1622600,1676500,1720000,1791000,182042.042570275,1800000,1800000,1800000,1800000,1800000,0,1,1763000,1763000,1763000,1763000,1763000,0
dmu71,20,3600000,6285,6325.75,6322.5,6313,6377,25.1874551063985,1763000,2929100,3144500,3144500,3595000,577081.212929159,3600000,3600000,3600000,3600000,3600000,0,1,3333000,3333000,3333000,3333000,3333000,0
dmu71,20,4598000,6285,6324.85,6322.5,6313,6376,23.5266366397526,1763000,2998850,3144500,3144500,4598000,685962.119178143,4598000,4598000,4598000,4598000,4598000,0,1,3333000,3333000,3333000,3333000,3333000,0
dmu71,20,NA,6285,6313.7,6311.5,6295,6359,19.0293402269675,4598000,4864050,4878500,4868000,5128000,133196.52081753,4598000,4864050,4878500,4868000,5128000,133196.52081753,1,4885000,4885000,4885000,4885000,4885000,0
dmu76,20,180000,7135,7230.2,7227,7227,7347,61.045798165674,94000,155650,162500,162500,179000,23864.2542640441,180000,180000,180000,180000,180000,0,1,102000,102000,102000,102000,102000,0
dmu76,20,300000,7092,7189,7193.5,7193.5,7308,59.6622070273001,142000,251250,259500,298000,299000,44325.2037131306,300000,3e+05,300000,300000,300000,0,1,289000,289000,289000,289000,289000,0
dmu76,20,1800000,6990,7045.65,7044.5,7044.5,7113,37.6679048080933,911000,1550250,1628500,1628500,1799000,246379.227379685,1800000,1800000,1800000,1800000,1800000,0,1,911000,911000,911000,911000,911000,0
dmu76,20,3600000,6922,6979.4,6975,6973,7035,33.6989770264852,2350000,3157300,3264000,3398000,3594000,394379.205707827,3600000,3600000,3600000,3600000,3600000,0,1,3333000,3333000,3333000,3333000,3333000,0
dmu76,20,5820000,6920,6977.7,6975,6973,7035,35.8374987379068,2350000,3307900,3304500,3398000,5820000,705971.439708584,5820000,5820000,5820000,5820000,5820000,0,1,5820000,5820000,5820000,5820000,5820000,0
dmu76,20,NA,6885,6938,6933.5,6943,6990,32.124756808418,5820000,6176550,6195500,6329000,6519000,189175.072075411,5820000,6176550,6195500,6329000,6519000,189175.072075411,1,6168000,6168000,6168000,6168000,6168000,0
dmu78,20,180000,7060,7240.55,7235,7198,7421,85.7348881881325,113000,157000,168500,164000,180000,23927.5221406119,180000,180000,180000,180000,180000,0,1,179000,179000,179000,179000,179000,0
dmu78,20,300000,7054,7188.4,7170,7170,7363,82.0060331541784,155000,255700,262500,262500,300000,41217.1400218277,300000,3e+05,300000,300000,300000,0,1,183000,183000,183000,183000,183000,0
dmu78,20,1800000,6896,6973.45,6971,6968.5,7053,42.4654348605397,1105000,1471400,1483500,1483500,1784000,221941.528572872,1800000,1800000,1800000,1800000,1800000,0,1,1181000,1181000,1181000,1181000,1181000,0
dmu78,20,3600000,6873,6922.5,6918.5,6908,6976,29.8954317932567,1181000,2852900,3083500,3083500,3562000,690531.061841841,3600000,3600000,3600000,3600000,3600000,0,1,3171000,3171000,3171000,3171000,3171000,0
dmu78,20,6182000,6873,6920.65,6913.5,6902,6976,30.4808395380995,1181000,3020500,3176000,3176000,6182000,1015159.2304451,6182000,6182000,6182000,6182000,6182000,0,1,3171000,3171000,3171000,3171000,3171000,0
dmu78,20,NA,6851,6884.6,6883,6881,6922,18.0128609025534,6182000,6586150,6554500,6554500,7079000,219052.090656658,6182000,6586150,6554500,6554500,7079000,219052.090656658,1,6815000,6815000,6815000,6815000,6815000,0
dmu77,20,180000,7117,7244.55,7248,7248,7382,67.8205643397961,138000,165950,171500,179000,180000,14383.7444799036,180000,180000,180000,180000,180000,0,1,151000,151000,151000,151000,151000,0
dmu77,20,300000,7088,7199.7,7205,7205,7345,69.0576418272217,191000,269300,272000,277500,300000,27977.6226370479,300000,3e+05,300000,300000,300000,0,1,236000,236000,236000,236000,236000,0
dmu77,20,1800000,6955,7047.5,7048.5,7090,7116,46.6244796782029,863000,1612800,1672500,1796000,1800000,221733.030561766,1800000,1800000,1800000,1800000,1800000,0,1,1763000,1763000,1763000,1763000,1763000,0
dmu77,20,3600000,6924,6976.2,6972.5,6960,7057,33.0272614668549,2350000,3136000,3232500,3232500,3599000,379984.764237504,3600000,3600000,3600000,3600000,3600000,0,1,2558000,2558000,2558000,2558000,2558000,0
dmu77,20,6069000,6912,6973.8,6972.5,6972.5,7057,35.8866637008645,2350000,3305850,3269500,3269500,6069000,745286.682742744,6069000,6069000,6069000,6069000,6069000,0,1,6069000,6069000,6069000,6069000,6069000,0
dmu77,20,NA,6868,6917.15,6916.5,6917,6962,23.7625866924413,6069000,6354750,6336500,6336500,6910000,198540.96090705,6069000,6354750,6336500,6336500,6910000,198540.96090705,1,6261000,6261000,6261000,6261000,6261000,0
dmu79,20,180000,7257,7413.45,7410.5,7481,7582,74.306247523695,104000,158700,169500,180000,180000,24111.8009980263,180000,180000,180000,180000,180000,0,1,104000,104000,104000,104000,104000,0
dmu79,20,300000,7257,7363.25,7351,7351,7507,66.6403347119919,104000,242800,255500,251500,300000,50364.5656556692,300000,3e+05,300000,300000,300000,0,1,104000,104000,104000,104000,104000,0
dmu79,20,1800000,7155,7208.7,7204,7204,7299,41.4907725949556,1163000,1551850,1585000,1733500,1797000,206956.45995182,1800000,1800000,1800000,1800000,1800000,0,1,1609000,1609000,1609000,1609000,1609000,0
dmu79,20,3600000,7058,7141.85,7140,7146,7242,36.1899593519354,2124000,3109250,3163000,3163000,3581000,426888.605585752,3600000,3600000,3600000,3600000,3600000,0,1,3079000,3079000,3079000,3079000,3079000,0
dmu79,20,6104000,7058,7139.95,7140,7146,7242,38.2794090588496,2124000,3259850,3228500,3228500,6104000,793959.648649861,6104000,6104000,6104000,6104000,6104000,0,1,3079000,3079000,3079000,3079000,3079000,0
dmu79,20,NA,7014,7085.9,7085,7061,7169,34.7818767085449,6104000,6566700,6558000,6558000,7352000,295301.469509952,6104000,6566700,6558000,6558000,7352000,295301.469509952,1,7352000,7352000,7352000,7352000,7352000,0
dmu80,20,180000,6956,7091.4,7088.5,7081,7239,76.8850132545862,118000,165450,170000,178000,180000,15752.9445868985,180000,180000,180000,180000,180000,0,1,180000,180000,180000,180000,180000,0
dmu80,20,300000,6932,7027.25,7026.5,7115,7217,67.6258086827803,196000,271600,284000,290500,298000,28722.6299924678,300000,3e+05,300000,300000,300000,0,1,286000,286000,286000,286000,286000,0
dmu80,20,1800000,6785,6850.15,6855.5,6900,6919,39.6952535940349,1201000,1540950,1609000,1609000,1795000,191724.988075711,1800000,1800000,1800000,1800000,1800000,0,1,1686000,1686000,1686000,1686000,1686000,0
dmu80,20,3600000,6745,6802.3,6798.5,6776,6860,27.1721606757629,1818000,2951050,3087000,3087000,3575000,516669.34096648,3600000,3600000,3600000,3600000,3600000,0,1,3327000,3327000,3327000,3327000,3327000,0
dmu80,20,5924000,6745,6801.15,6798.5,6788.5,6860,26.6878150788747,2043000,3156350,3175500,3175500,5924000,787523.251118741,5924000,5924000,5924000,5924000,5924000,0,1,3327000,3327000,3327000,3327000,3327000,0
dmu80,20,NA,6745,6776.4,6775,6773,6804,17.0984763864165,5924000,6403550,6395500,6395500,7012000,262049.30733296,5924000,6403550,6395500,6395500,7012000,262049.30733296,1,6496000,6496000,6496000,6496000,6496000,0
ta11,59,180000,1362,1370.37288135593,1371,1373,1376,3.33165747859026,6000,81525.4237288136,74000,62500,167000,47267.1628862719,180000,180000,180000,180000,180000,0,1,97000,97000,97000,97000,97000,0
ta11,59,300000,1362,1369.30508474576,1370,1371,1376,3.28661988238905,6000,131559.322033898,115000,85000,291000,87804.6953395453,300000,3e+05,300000,300000,300000,0,2,97000,97000,171500,171500,246000,105358.910396796
ta11,59,1396000,1362,1368.52542372881,1368,1368,1374,3.28715332355074,6000,248050.847457627,139000,204000,1396000,322377.18451233,1396000,1396000,1396000,1396000,1396000,0,2,97000,97000,171500,171500,246000,105358.910396796
ta11,59,NA,1362,1366.08474576271,1366,1365,1371,2.2305723372019,1396000,1548372.88135593,1460000,1801000,1801000,177320.856495933,1396000,1548372.88135593,1460000,1801000,1801000,177320.856495933,5,1452000,1452000,1463000,1463000,1801000,152639.116873756
ta12,60,180000,1373,1375.81666666667,1377,1377,1377,1.69237238626294,6000,48750,28500,6000,176000,46863.1708238038,180000,180000,180000,180000,180000,0,14,11000,11000,71000,71000,165000,45952.4957769637
ta12,60,300000,1373,1375.26666666667,1376,1377,1377,1.72584213456687,6000,94316.6666666667,59500,6000,292000,90059.9596251498,300000,3e+05,300000,300000,300000,0,18,11000,11000,112500,112500,227000,69442.1515961354
ta12,60,1327000,1371,1374.56666666667,1374,1373,1377,1.80739222823013,6000,232833.333333333,115000,6000,1327000,315413.753914112,1327000,1327000,1327000,1327000,1327000,0,2,317000,317000,437500,437500,558000,170412.734265958
ta12,60,NA,1371,1373.05,1373,1373,1376,0.768555766422772,1327000,1509850,1395500,1801000,1801000,209189.300776407,1327000,1509850,1395500,1801000,1801000,209189.300776407,4,1337000,1337000,1571500,1801000,1801000,266454.968052765
ta13,60,180000,1345,1354.86666666667,1355,1355,1360,2.87871597239421,6000,76083.3333333333,67000,28000,177000,50228.3908057769,180000,180000,180000,180000,180000,0,1,78000,78000,78000,78000,78000,0
ta13,60,300000,1345,1353.88333333333,1354,1353.5,1358,2.40826026710659,7000,143116.666666667,132000,139000,291000,90325.2300032568,300000,3e+05,300000,300000,300000,0,1,78000,78000,78000,78000,78000,0
ta13,60,1336000,1345,1353.26666666667,1353,1353,1358,2.71759281984319,7000,298783.333333333,159500,139000,1336000,371512.533340907,1336000,1336000,1336000,1336000,1336000,0,1,78000,78000,78000,78000,78000,0
ta13,60,NA,1345,1350.85,1351,1352,1354,2.32761607877448,1336000,1517416.66666667,1406000,1801000,1801000,203862.889422317,1336000,1517416.66666667,1406000,1801000,1801000,203862.889422317,3,1341000,1341000,1801000,1801000,1801000,265581.123827228
ta14,59,180000,1345,1345,1345,1345,1345,0,6000,13966.1016949153,8000,6000,75000,11913.4321492879,180000,180000,180000,180000,180000,0,59,6000,6000,8000,6000,75000,11913.4321492879
ta14,59,300000,1345,1345,1345,1345,1345,0,6000,13966.1016949153,8000,6000,75000,11913.4321492879,300000,3e+05,300000,300000,300000,0,59,6000,6000,8000,6000,75000,11913.4321492879
ta14,59,1372000,1345,1345,1345,1345,1345,0,6000,36711.8644067797,8000,6000,1372000,177225.071283077,1372000,1372000,1372000,1372000,1372000,0,59,6000,6000,8000,6000,1372000,177225.071283077
ta14,59,NA,1345,1345,1345,1345,1345,0,1372000,1537542.37288136,1443000,1801000,1801000,185043.64089493,1372000,1537542.37288136,1443000,1801000,1801000,185043.64089493,59,1372000,1372000,1443000,1801000,1801000,185043.64089493
ta15,60,180000,1346,1353.83333333333,1354,1354,1360,3.42060885980134,6000,97333.3333333333,96500,109500,179000,53867.9070730373,180000,180000,180000,180000,180000,0,4,108000,108000,160000,160000,173000,29113.2844820596
ta15,60,300000,1346,1352.28333333333,1353,1354,1357,2.99203273494888,6000,151916.666666667,148500,173000,298000,86931.7463937856,300000,3e+05,300000,300000,300000,0,7,108000,108000,173000,173000,266000,51112.3878377462
ta15,60,1457000,1342,1350.63333333333,1351,1351,1357,3.56521169964377,6000,347083.333333333,214500,173000,1457000,366799.640115282,1457000,1457000,1457000,1457000,1457000,0,2,340000,340000,493000,493000,646000,216374.675043084
ta15,60,NA,1342,1348.03333333333,1347,1346,1353,2.69944543373588,1457000,1597300,1527000,1801000,1801000,147461.721548454,1457000,1597300,1527000,1801000,1801000,147461.721548454,2,1801000,1801000,1801000,1801000,1801000,0
ta16,59,180000,1365,1370.38983050847,1370,1374,1375,2.89480479451785,6000,78627.1186440678,75000,6000,177000,48660.292636663,180000,180000,180000,180000,180000,0,5,13000,13000,59000,59000,155000,57915.4556228301
ta16,59,300000,1364,1369.50847457627,1369,1368,1374,2.55540590848129,6000,118576.271186441,104000,92000,268000,77788.2189887545,300000,3e+05,300000,300000,300000,0,1,197000,197000,197000,197000,197000,0
ta16,59,1290000,1362,1368.83050847458,1369,1368,1374,2.78637412625775,6000,214440.677966102,106000,92000,1290000,286051.253617397,1290000,1290000,1290000,1290000,1290000,0,1,656000,656000,656000,656000,656000,0
ta16,59,NA,1362,1366.62711864407,1366,1365,1370,1.77043054460408,1290000,1494779.66101695,1373000,1801000,1801000,214999.043125105,1290000,1494779.66101695,1373000,1801000,1801000,214999.043125105,1,1801000,1801000,1801000,1801000,1801000,0
ta17,58,180000,1472,1477.65517241379,1478,1478,1481,1.76269056840031,6000,72137.9310344828,58000,6000,178000,53597.7376702,180000,180000,180000,180000,180000,0,1,47000,47000,47000,47000,47000,0
ta17,58,300000,1472,1476.65517241379,1477,1478,1480,1.88764890559781,6000,149620.689655172,156000,281000,296000,101829.721574829,300000,3e+05,300000,300000,300000,0,1,47000,47000,47000,47000,47000,0
ta17,58,1528000,1472,1475.98275862069,1476,1478,1479,2.01303976577925,6000,308689.655172414,186000,281000,1528000,383413.120921306,1528000,1528000,1528000,1528000,1528000,0,1,47000,47000,47000,47000,47000,0
ta17,58,NA,1471,1474.55172413793,1475,1475,1478,1.56913669183177,1528000,1640431.03448276,1601000,1801000,1801000,111611.813508699,1528000,1640431.03448276,1601000,1801000,1801000,111611.813508699,1,1607000,1607000,1607000,1607000,1607000,0
ta18,58,180000,1405,1417.56896551724,1418,1418,1423,3.03264153841902,6000,83327.5862068966,73000,95000,180000,48305.0932373376,180000,180000,180000,180000,180000,0,1,71000,71000,71000,71000,71000,0
ta18,58,300000,1405,1416.55172413793,1417,1418,1422,2.82949635214035,6000,133034.482758621,108500,151500,300000,88732.9851280107,300000,3e+05,300000,300000,300000,0,1,71000,71000,71000,71000,71000,0
ta18,58,1414000,1405,1415.48275862069,1415,1415,1422,3.21859389213182,6000,300534.482758621,164500,208000,1414000,371910.393637153,1414000,1414000,1414000,1414000,1414000,0,1,71000,71000,71000,71000,71000,0
ta18,58,NA,1399,1413.41379310345,1414,1415,1418,3.0264012718404,1414000,1568603.44827586,1489500,1801000,1801000,159146.731330442,1414000,1568603.44827586,1489500,1801000,1801000,159146.731330442,1,1491000,1491000,1491000,1491000,1491000,0
ta19,60,180000,1338,1343.15,1343,1343,1345,1.10200126118849,6000,78083.3333333333,69500,97000,177000,52662.7555223712,180000,180000,180000,180000,180000,0,1,107000,107000,107000,107000,107000,0
ta19,60,300000,1338,1342.86666666667,1343,1343,1345,0.999434868561816,9000,115633.333333333,96000,107000,298000,78853.6440194189,300000,3e+05,300000,300000,300000,0,1,107000,107000,107000,107000,107000,0
ta19,60,1346000,1336,1342.61666666667,1343,1343,1345,1.40328508847918,9000,181516.666666667,107000,107000,1346000,243569.882894227,1346000,1346000,1346000,1346000,1346000,0,1,724000,724000,724000,724000,724000,0
ta19,60,NA,1336,1341.61666666667,1343,1343,1343,1.88743990064083,1346000,1520350,1424000,1801000,1801000,202022.471060918,1346000,1520350,1424000,1801000,1801000,202022.471060918,2,1801000,1801000,1801000,1801000,1801000,0
ta20,60,180000,1355,1361.66666666667,1362,1364,1367,2.97256760933884,6000,86433.3333333333,80000,64000,179000,54131.7810303164,180000,180000,180000,180000,180000,0,2,79000,79000,112500,112500,146000,47376.1543394987
ta20,60,300000,1353,1360.58333333333,1361,1362,1367,2.91862323397881,6000,140316.666666667,143500,87500,290000,87945.1854834448,300000,3e+05,300000,300000,300000,0,1,288000,288000,288000,288000,288000,0
ta20,60,1235000,1352,1359.6,1360.5,1362,1367,3.53289625268043,6000,274183.333333333,185000,183500,1235000,293520.622188148,1235000,1235000,1235000,1235000,1235000,0,1,1168000,1168000,1168000,1168000,1168000,0
ta20,60,NA,1351,1356.53333333333,1356.5,1355,1362,2.38261120583953,1235000,1487533.33333333,1375500,1801000,1801000,225501.735621617,1235000,1487533.33333333,1375500,1801000,1801000,225501.735621617,1,1377000,1377000,1377000,1377000,1377000,0
ta21,40,180000,1647,1652.45,1651.5,1650,1661,4.24233849397192,7000,79850,65000,78000,174000,55362.46530008,180000,180000,180000,180000,180000,0,5,28000,28000,62000,62000,170000,60788.1567412601
ta21,40,300000,1647,1651.275,1650,1650,1660,3.35113834467158,7000,138275,144500,174000,283000,87506.772631667,300000,3e+05,300000,300000,300000,0,5,28000,28000,62000,62000,170000,60788.1567412601
ta21,40,1368000,1647,1649.325,1648,1647,1657,2.56592563395246,7000,325650,203000,111000,1368000,351642.778384177,1368000,1368000,1368000,1368000,1368000,0,12,28000,28000,426000,426000,958000,327855.844153272
ta21,40,NA,1647,1647.725,1647,1647,1651,1.0618682133693,1368000,1588100,1594500,1801000,1801000,215658.300475782,1368000,1588100,1594500,1801000,1801000,215658.300475782,23,1370000,1370000,1388000,1801000,1801000,216442.828533808
ta22,40,180000,1613,1617,1617,1616,1620,1.5191090506255,6000,72175,71500,6000,161000,45600.2066459555,180000,180000,180000,180000,180000,0,2,77000,77000,89000,89000,101000,16970.5627484771
ta22,40,300000,1612,1616.325,1616,1616,1619,1.81711944486957,6000,105900,95500,6000,259000,73465.4288136211,300000,3e+05,300000,300000,300000,0,3,188000,188000,209000,209000,249000,30989.2454463372
ta22,40,1394000,1604,1614.775,1616,1616,1618,3.02542643741426,6000,350275,174500,125500,1394000,399543.392431783,1394000,1394000,1394000,1394000,1394000,0,1,1315000,1315000,1315000,1315000,1315000,0
ta22,40,NA,1604,1612.475,1614,1616,1616,3.68633999572782,1394000,1601200,1606500,1801000,1801000,202395.297401536,1394000,1601200,1606500,1801000,1801000,202395.297401536,2,1801000,1801000,1801000,1801000,1801000,0
ta23,40,180000,1561,1566.8,1566,1565,1572,2.54397226238709,6000,85525,97500,18000,177000,54819.5115461078,180000,180000,180000,180000,180000,0,2,98000,98000,106000,106000,114000,11313.7084989848
ta23,40,300000,1559,1565.85,1566,1566,1570,2.08228178590157,6000,129850,127000,59000,248000,73646.6094054782,300000,3e+05,300000,300000,300000,0,1,228000,228000,228000,228000,228000,0
ta23,40,1764000,1559,1564.35,1565,1565,1569,2.24807610054601,18000,616125,264500,100000,1764000,577979.468515657,1764000,1764000,1764000,1764000,1764000,0,1,228000,228000,228000,228000,228000,0
ta23,40,NA,1559,1563.35,1564,1565,1567,2.1189015054371,1764000,1802150,1801000,1801000,1913000,39028.9504644818,1764000,1802150,1801000,1801000,1913000,39028.9504644818,2,1776000,1776000,1835500,1835500,1895000,84145.7069611992
ta24,40,180000,1654,1659.95,1659,1659,1668,3.24985206763915,6000,101150,109000,99000,178000,48693.4682083115,180000,180000,180000,180000,180000,0,2,116000,116000,127000,127000,138000,15556.349186104
ta24,40,300000,1654,1658.425,1659,1659,1665,3.04569894298206,6000,140275,123500,87000,290000,76266.0617803698,300000,3e+05,300000,300000,300000,0,5,116000,116000,186000,186000,290000,67432.9296412369
ta24,40,1415000,1653,1656.575,1656,1654,1663,2.73521667449039,46000,404650,225500,53000,1415000,401776.538861451,1415000,1415000,1415000,1415000,1415000,0,1,668000,668000,668000,668000,668000,0
ta24,40,NA,1651,1654.975,1654,1654,1659,1.67159527674338,1415000,1662775,1801000,1801000,1994000,196612.528945796,1415000,1662775,1801000,1801000,1994000,196612.528945796,1,1426000,1426000,1426000,1426000,1426000,0
ta25,40,180000,1598,1606.7,1606.5,1598,1622,7.07904093170964,6000,108525,122000,162000,180000,56107.9488403998,180000,180000,180000,180000,180000,0,8,6000,6000,110500,110500,180000,67268.6511576635
ta25,40,300000,1598,1603.15,1599,1598,1619,6.61990006896456,6000,160500,170000,180000,292000,83464.7169429033,300000,3e+05,300000,300000,300000,0,17,6000,6000,184000,184000,292000,90582.1044525839
ta25,40,1129000,1598,1601.025,1598,1598,1619,5.83748936198449,6000,268425,234000,287000,1129000,243730.293088961,1129000,1129000,1129000,1129000,1129000,0,25,6000,6000,264000,353500,1129000,285426.219304861
ta25,40,NA,1598,1598.125,1598,1598,1599,0.334932063528542,1129000,1599825,1801000,1801000,1897000,300244.335329471,1129000,1599825,1801000,1801000,1897000,300244.335329471,35,1129000,1129000,1801000,1801000,1897000,303406.865529474
ta26,40,180000,1651,1659.475,1659.5,1661,1665,3.19444630248924,6000,58375,35000,18000,159000,50534.9269926637,180000,180000,180000,180000,180000,0,1,29000,29000,29000,29000,29000,0
ta26,40,300000,1651,1658.45,1659,1661,1664,2.87295077469945,6000,100175,53000,17000,286000,93848.1827754614,300000,3e+05,300000,300000,300000,0,1,29000,29000,29000,29000,29000,0
ta26,40,1359000,1651,1656.575,1656.5,1656,1661,2.77246072317327,7000,369625,192000,53000,1359000,438800.386105293,1359000,1359000,1359000,1359000,1359000,0,1,29000,29000,29000,29000,29000,0
ta26,40,NA,1651,1654.625,1654.5,1654,1659,1.65927849627636,1359000,1608500,1801000,1801000,1930000,223535.117415472,1359000,1608500,1801000,1801000,1930000,223535.117415472,2,1362000,1362000,1586500,1586500,1811000,317490.94475276
ta27,40,180000,1687,1692.175,1692,1692,1697,2.01134602207398,6000,79175,72500,34500,179000,53797.2868918413,180000,180000,180000,180000,180000,0,1,27000,27000,27000,27000,27000,0
ta27,40,300000,1687,1691.375,1691,1691,1697,1.98310168869181,6000,141425,132000,117000,300000,92399.6024799974,300000,3e+05,300000,300000,300000,0,3,27000,27000,214000,214000,246000,118289.19364563
ta27,40,1151000,1687,1690.25,1690,1690,1694,1.86396324383261,6000,345375,219000,117000,1151000,345222.387447384,1151000,1151000,1151000,1151000,1151000,0,6,27000,27000,280500,280500,878000,350539.584070045
ta27,40,NA,1686,1689,1689,1690,1691,1.70970082853022,1151000,1744875,1801000,1801000,1939000,207400.169065035,1151000,1744875,1801000,1801000,1939000,207400.169065035,4,1152000,1152000,1849500,1849500,1931000,366877.363706185
ta28,39,180000,1616,1619.89743589744,1620,1622,1625,2.14960059686582,6000,71692.3076923077,64000,61500,172000,49752.6269320493,180000,180000,180000,180000,180000,0,1,66000,66000,66000,66000,66000,0
ta28,39,300000,1616,1618.89743589744,1619,1619,1622,1.66693655034857,6000,139871.794871795,150000,31000,295000,91156.077687257,300000,3e+05,300000,300000,300000,0,1,66000,66000,66000,66000,66000,0
ta28,39,1765000,1615,1617.46153846154,1617,1617,1622,1.66774593935006,20000,619461.538461538,523000,523000,1765000,525833.315902825,1765000,1765000,1765000,1765000,1765000,0,5,702000,702000,1133000,1133000,1646000,374479.371928548
ta28,39,NA,1615,1616.87179487179,1617,1617,1619,1.10452388360175,1765000,1815974.35897436,1801000,1801000,1891000,41082.3865315892,1765000,1815974.35897436,1801000,1801000,1891000,41082.3865315892,6,1770000,1770000,1801000,1801000,1891000,50897.6096360789
ta29,40,180000,1628,1630.6,1631,1629,1634,1.67638194044687,6000,84575,81000,28500,180000,54236.3713236696,180000,180000,180000,180000,180000,0,3,9000,9000,19000,19000,132000,68310.5653126464
ta29,40,300000,1628,1629.575,1629,1629,1634,1.39389695384871,6000,141350,141500,148500,298000,94615.429435053,300000,3e+05,300000,300000,300000,0,6,9000,9000,161000,161000,274000,116431.381794887
ta29,40,1709000,1625,1628.825,1629,1629,1632,0.984169570546531,6000,351875,231000,144000,1709000,412126.703662593,1709000,1709000,1709000,1709000,1709000,0,1,930000,930000,930000,930000,930000,0
ta29,40,NA,1625,1628.575,1629,1629,1629,0.747217059048663,1709000,1779475,1801000,1801000,1852000,42401.6131163874,1709000,1779475,1801000,1801000,1852000,42401.6131163874,1,1801000,1801000,1801000,1801000,1801000,0
ta30,40,180000,1589,1600.675,1601,1600,1610,4.41667876147352,12000,81450,79500,59000,174000,47670.3154422013,180000,180000,180000,180000,180000,0,1,23000,23000,23000,23000,23000,0
ta30,40,300000,1589,1599.05,1599,1598,1609,4.03160590259591,21000,156275,155000,171000,291000,90463.1919764282,300000,3e+05,300000,300000,300000,0,1,23000,23000,23000,23000,23000,0
ta30,40,1800000,1585,1592.05,1592,1592,1598,3.32781594658704,23000,937725,920000,716000,1795000,530556.601175861,1800000,1800000,1800000,1800000,1800000,0,1,940000,940000,940000,940000,940000,0
ta30,40,1801000,1585,1592.05,1592,1592,1598,3.32781594658704,23000,1453800,1801000,1801000,1801000,529063.769119443,1801000,1801000,1801000,1801000,1801000,0,1,1801000,1801000,1801000,1801000,1801000,0
ta30,40,NA,1585,1592.05,1592,1592,1598,3.32781594658704,1801000,1823975,1801000,1801000,1928000,43105.408965132,1801000,1823975,1801000,1801000,1928000,43105.408965132,1,1801000,1801000,1801000,1801000,1801000,0
ta31,40,180000,1764,1764.075,1764,1764,1766,0.349908412925293,6000,38600,33000,6000,152000,29931.3745004666,180000,180000,180000,180000,180000,0,38,6000,6000,33000,6000,152000,29836.2172158685
ta31,40,300000,1764,1764,1764,1764,1764,0,6000,46450,37000,6000,200000,45745.6457224521,300000,3e+05,300000,300000,300000,0,40,6000,6000,37000,6000,200000,45745.6457224521
ta31,40,1800000,1764,1764,1764,1764,1764,0,6000,46450,37000,6000,200000,45745.6457224521,1800000,1800000,1800000,1800000,1800000,0,40,6000,6000,37000,6000,200000,45745.6457224521
ta31,40,1801000,1764,1764,1764,1764,1764,0,6000,925725,1000500,1801000,1801000,887241.70636463,1801000,1801000,1801000,1801000,1801000,0,40,6000,6000,1000500,1801000,1801000,887241.70636463
ta31,40,NA,1764,1764,1764,1764,1764,0,1801000,2265600,2173000,1801000,2842000,474736.569327043,1801000,2265600,2173000,1801000,2842000,474736.569327043,40,1801000,1801000,2173000,1801000,2842000,474736.569327043
ta32,40,180000,1811,1817.6,1817,1818,1831,3.69198716557483,11000,105800,113000,158000,179000,51822.2801307383,180000,180000,180000,180000,180000,0,1,37000,37000,37000,37000,37000,0
ta32,40,300000,1809,1815,1815,1815,1823,2.7827306272059,12000,186600,194000,254000,295000,74388.7226082156,300000,3e+05,300000,300000,300000,0,2,268000,268000,281000,281000,294000,18384.7763108502
ta32,40,1800000,1803,1810.4,1811,1812,1814,2.36209381259237,167000,884250,832500,832500,1740000,530110.03937499,1800000,1800000,1800000,1800000,1800000,0,1,648000,648000,648000,648000,648000,0
ta32,40,1801000,1803,1810.4,1811,1812,1814,2.36209381259237,167000,1282850,1760500,1801000,1801000,642960.961051211,1801000,1801000,1801000,1801000,1801000,0,1,1801000,1801000,1801000,1801000,1801000,0
ta32,40,NA,1803,1810.275,1810,1812,1814,2.29813190579006,1801000,2168750,2123500,1801000,2619000,375005.897389525,1801000,2168750,2123500,1801000,2619000,375005.897389525,1,1801000,1801000,1801000,1801000,1801000,0
ta33,40,180000,1801,1809.325,1809.5,1810,1814,2.55591320425642,20000,91325,90500,83000,179000,47211.6823330619,180000,180000,180000,180000,180000,0,1,164000,164000,164000,164000,164000,0
ta33,40,300000,1801,1808.575,1808.5,1810,1814,2.47953159348231,20000,126950,116500,49000,293000,77473.8831097459,300000,3e+05,300000,300000,300000,0,1,164000,164000,164000,164000,164000,0
ta33,40,1800000,1799,1805.1,1805.5,1804,1808,1.93218356615859,98000,882950,885500,885500,1741000,514768.15543131,1800000,1800000,1800000,1800000,1800000,0,1,382000,382000,382000,382000,382000,0
ta33,40,1801000,1799,1805.1,1805.5,1804,1808,1.93218356615859,98000,1265350,1650000,1801000,1801000,666693.892392788,1801000,1801000,1801000,1801000,1801000,0,1,382000,382000,382000,382000,382000,0
ta33,40,NA,1799,1804.8,1805,1804,1808,1.88380411633427,1801000,2120675,2088500,1801000,2526000,326161.466030365,1801000,2120675,2088500,1801000,2526000,326161.466030365,1,2399000,2399000,2399000,2399000,2399000,0
ta34,40,180000,1831,1832.05,1832,1832,1833,0.316227766016838,11000,81200,79500,81000,173000,47448.3254682775,180000,180000,180000,180000,180000,0,1,81000,81000,81000,81000,81000,0
ta34,40,300000,1831,1831.975,1832,1832,1832,0.158113883008419,11000,88275,80500,81000,223000,56531.8097430156,300000,3e+05,300000,300000,300000,0,1,81000,81000,81000,81000,81000,0
ta34,40,1800000,1831,1831.95,1832,1832,1832,0.220721427863152,11000,110350,80500,81000,973000,150884.66473198,1800000,1800000,1800000,1800000,1800000,0,2,81000,81000,527000,527000,973000,630739.2488184
ta34,40,1801000,1831,1831.95,1832,1832,1832,0.220721427863152,15000,964450,1387000,1801000,1801000,859248.208968389,1801000,1801000,1801000,1801000,1801000,0,2,81000,81000,527000,527000,973000,630739.2488184
ta34,40,NA,1831,1831.925,1832,1832,1832,0.266746782836918,1801000,2037025,1976000,1801000,2391000,244186.297889384,1801000,2037025,1976000,1801000,2391000,244186.297889384,3,2151000,2151000,2211000,2211000,2251000,50332.2295684717
ta35,40,180000,2007,2007,2007,2007,2007,0,6000,6025,6000,6000,7000,158.113883008419,180000,180000,180000,180000,180000,0,40,6000,6000,6000,6000,7000,158.113883008419
ta35,40,300000,2007,2007,2007,2007,2007,0,6000,6025,6000,6000,7000,158.113883008419,300000,3e+05,300000,300000,300000,0,40,6000,6000,6000,6000,7000,158.113883008419
ta35,40,1800000,2007,2007,2007,2007,2007,0,6000,6025,6000,6000,7000,158.113883008419,1800000,1800000,1800000,1800000,1800000,0,40,6000,6000,6000,6000,7000,158.113883008419
ta35,40,1801000,2007,2007,2007,2007,2007,0,6000,903500,903500,903500,1801000,908933.581957591,1801000,1801000,1801000,1801000,1801000,0,40,6000,6000,903500,903500,1801000,908933.581957591
ta35,40,NA,2007,2007,2007,2007,2007,0,1801000,1902550,1845000,1801000,2070000,107715.425174451,1801000,1902550,1845000,1801000,2070000,107715.425174451,40,1801000,1801000,1845000,1801000,2070000,107715.425174451
ta36,40,180000,1819,1821,1821,1819,1823,1.79743406854583,17000,78900,65000,34000,178000,47725.6045884527,180000,180000,180000,180000,180000,0,16,23000,23000,49500,49500,178000,49496.0857038211
ta36,40,300000,1819,1819.925,1819,1819,1823,1.40306441177508,17000,138275,142000,29000,283000,87019.2986258412,300000,3e+05,300000,300000,300000,0,26,23000,23000,125000,125000,283000,91884.7187428984
ta36,40,1800000,1819,1819,1819,1819,1819,0,23000,276350,224500,411000,1040000,258222.280513991,1800000,1800000,1800000,1800000,1800000,0,40,23000,23000,224500,411000,1040000,258222.280513991
ta36,40,1801000,1819,1819,1819,1819,1819,0,23000,1030600,1420500,1801000,1801000,807358.745285975,1801000,1801000,1801000,1801000,1801000,0,40,23000,23000,1420500,1801000,1801000,807358.745285975
ta36,40,NA,1819,1819,1819,1819,1819,0,1801000,2206225,2160500,1801000,2689000,412061.327742016,1801000,2206225,2160500,1801000,2689000,412061.327742016,40,1801000,1801000,2160500,1801000,2689000,412061.327742016
ta37,40,180000,1784,1788.875,1788.5,1787,1793,2.4514516892273,6000,88400,74000,61000,177000,51878.457561635,180000,180000,180000,180000,180000,0,1,26000,26000,26000,26000,26000,0
ta37,40,300000,1784,1787.9,1787,1787,1793,2.20488967105805,6000,144000,137500,248500,300000,91274.4522910198,300000,3e+05,300000,300000,300000,0,1,26000,26000,26000,26000,26000,0
ta37,40,1800000,1783,1785.325,1785.5,1785,1788,1.22762017010608,26000,762125,707500,707500,1782000,494820.464074261,1800000,1800000,1800000,1800000,1800000,0,1,1417000,1417000,1417000,1417000,1417000,0
ta37,40,1801000,1783,1785.325,1785.5,1785,1788,1.22762017010608,160000,1294200,1760500,1801000,1801000,611605.629596267,1801000,1801000,1801000,1801000,1801000,0,1,1801000,1801000,1801000,1801000,1801000,0
ta37,40,NA,1783,1785.225,1785,1784,1788,1.25038455623122,1801000,2152700,2116000,1801000,2594000,358193.558904994,1801000,2152700,2116000,1801000,2594000,358193.558904994,1,1801000,1801000,1801000,1801000,1801000,0
ta38,40,180000,1673,1678.65,1678,1678,1688,3.37828662384063,8000,97925,96000,107000,176000,48965.9156703507,180000,180000,180000,180000,180000,0,3,45000,45000,78000,78000,169000,64220.9726906509
ta38,40,300000,1673,1677.35,1677,1676,1683,2.52728698156333,8000,142025,132500,87000,291000,72135.3739817517,300000,3e+05,300000,300000,300000,0,4,45000,45000,123500,123500,193000,70975.9348887588
ta38,40,1800000,1673,1674.025,1674,1673,1676,1.09749131180487,8000,863125,907000,1213000,1755000,534191.706081397,1800000,1800000,1800000,1800000,1800000,0,18,45000,45000,1003000,1003000,1732000,521122.785451126
ta38,40,1801000,1673,1674.025,1674,1673,1676,1.09749131180487,8000,1293175,1778000,1801000,1801000,666053.932039002,1801000,1801000,1801000,1801000,1801000,0,18,45000,45000,1766500,1801000,1801000,646286.781990134
ta38,40,NA,1673,1673.875,1674,1673,1676,0.991954817002447,1801000,2151400,2111500,1801000,2567000,357823.749767167,1801000,2151400,2111500,1801000,2567000,357823.749767167,19,1801000,1801000,2422000,1801000,2563000,346489.436815268
ta39,40,180000,1795,1797.525,1797.5,1798,1806,2.89107823023406,15000,90750,94500,77000,176000,47477.2550132139,180000,180000,180000,180000,180000,0,12,15000,15000,99000,99000,158000,46588.7878304979
ta39,40,300000,1795,1796.625,1796,1795,1803,1.89042798030445,15000,131525,120500,123000,299000,80409.524726034,300000,3e+05,300000,300000,300000,0,16,15000,15000,113000,180500,266000,85242.5705462554
ta39,40,1800000,1795,1795.025,1795,1795,1796,0.158113883008419,15000,489450,348000,180500,1376000,416486.768343399,1800000,1800000,1800000,1800000,1800000,0,39,15000,15000,349000,180500,1376000,417916.440388624
ta39,40,1801000,1795,1795.025,1795,1795,1796,0.158113883008419,15000,1170625,1564500,1801000,1801000,708165.042602431,1801000,1801000,1801000,1801000,1801000,0,39,15000,15000,1328000,1801000,1801000,709908.253751806
ta39,40,NA,1795,1795.025,1795,1795,1796,0.158113883008419,1801000,2120025,2058500,1801000,2532000,326919.145300642,1801000,2120025,2058500,1801000,2532000,326919.145300642,39,1801000,1801000,2316000,1801000,2532000,327019.328214161
ta40,40,180000,1684,1691.725,1691.5,1691,1696,2.32033927669519,11000,74100,75000,78000,161000,38411.9372471231,180000,180000,180000,180000,180000,0,1,63000,63000,63000,63000,63000,0
ta40,40,300000,1684,1690.875,1691,1691,1694,1.95050946664895,13000,136975,117500,164500,298000,86764.4874476377,300000,3e+05,300000,300000,300000,0,1,63000,63000,63000,63000,63000,0
ta40,40,1800000,1683,1687.775,1688,1689,1691,2.01898044846453,13000,1044525,1202000,1202000,1797000,510167.94557509,1800000,1800000,1800000,1800000,1800000,0,2,493000,493000,954000,954000,1415000,651952.452253997
ta40,40,1801000,1683,1687.775,1688,1689,1691,2.01898044846453,459000,1512525,1799000,1801000,1801000,412892.60958666,1801000,1801000,1801000,1801000,1801000,0,2,493000,493000,1147000,1147000,1801000,924895.669792004
ta40,40,NA,1683,1687.7,1688,1689,1691,2.0280090021547,1801000,2148275,1988500,1801000,2601000,359326.791303846,1801000,2148275,1988500,1801000,2601000,359326.791303846,2,1801000,1801000,2143500,2143500,2486000,484368.145112785
ta41,40,180000,2025,2035.825,2036,2038,2050,5.23737798952188,9000,101850,99000,124000,175000,50064.3432148916,180000,180000,180000,180000,180000,0,1,9000,9000,9000,9000,9000,0
ta41,40,300000,2025,2033.8,2034,2035,2044,4.18911899433735,9000,168850,173500,123000,300000,80226.1387163394,300000,3e+05,300000,300000,300000,0,1,9000,9000,9000,9000,9000,0
ta41,40,1800000,2023,2027.175,2027.5,2028,2031,1.75247078325256,9000,866325,948000,1330500,1783000,515360.5353636,1800000,1800000,1800000,1800000,1800000,0,1,1041000,1041000,1041000,1041000,1041000,0
ta41,40,1801000,2023,2027.175,2027.5,2028,2031,1.75247078325256,9000,1296350,1757000,1801000,1801000,619562.316561106,1801000,1801000,1801000,1801000,1801000,0,1,1041000,1041000,1041000,1041000,1041000,0
ta41,40,NA,2023,2026.95,2027,2027,2031,1.7967206594808,1801000,2131600,2125500,1801000,2485000,334880.215859879,1801000,2131600,2125500,1801000,2485000,334880.215859879,1,2459000,2459000,2459000,2459000,2459000,0
ta42,40,180000,1960,1967.025,1966,1966,1973,2.76875886292498,14000,106775,118000,92000,180000,49061.1797552236,180000,180000,180000,180000,180000,0,1,158000,158000,158000,158000,158000,0
ta42,40,300000,1960,1966,1966,1966,1971,2.01277968274773,14000,148075,155000,123000,288000,70015.5248352015,300000,3e+05,300000,300000,300000,0,1,158000,158000,158000,158000,158000,0
ta42,40,1800000,1949,1962.625,1963,1966,1966,3.34117666974698,46000,693000,605500,605500,1798000,486580.111726944,1800000,1800000,1800000,1800000,1800000,0,1,1414000,1414000,1414000,1414000,1414000,0
ta42,40,1801000,1949,1962.625,1963,1966,1966,3.34117666974698,46000,1222900,1799500,1801000,1801000,677571.334119525,1801000,1801000,1801000,1801000,1801000,0,1,1801000,1801000,1801000,1801000,1801000,0
ta42,40,NA,1949,1962.625,1963,1966,1966,3.34117666974698,1801000,1906925,1849000,1801000,2136000,132606.684191664,1801000,1906925,1849000,1801000,2136000,132606.684191664,1,1801000,1801000,1801000,1801000,1801000,0
ta43,40,180000,1870,1880.45,1878.5,1881.5,1896,7.16454947856243,37000,113975,113000,116500,180000,40662.1398279114,180000,180000,180000,180000,180000,0,1,171000,171000,171000,171000,171000,0
ta43,40,300000,1867,1877.475,1875.5,1875,1890,6.54368946351153,43000,158250,146000,116000,299000,71829.1241553388,300000,3e+05,300000,300000,300000,0,2,207000,207000,207500,207500,208000,707.106781186548
ta43,40,1800000,1856,1869.2,1870,1870,1874,3.22012899884939,43000,910475,972500,972500,1758000,485488.333985377,1800000,1800000,1800000,1800000,1800000,0,1,966000,966000,966000,966000,966000,0
ta43,40,1801000,1856,1869.2,1870,1870,1874,3.22012899884939,163000,1310950,1688000,1801000,1801000,585297.555270076,1801000,1801000,1801000,1801000,1801000,0,1,966000,966000,966000,966000,966000,0
ta43,40,NA,1856,1869.15,1870,1870,1874,3.1909326664866,1801000,2047700,2032500,1801000,2375000,251227.876944113,1801000,2047700,2032500,1801000,2375000,251227.876944113,1,2359000,2359000,2359000,2359000,2359000,0
ta44,40,180000,1994,2000.875,2002,2002,2006,2.50320307626562,25000,112675,112500,126500,180000,45875.1860193252,180000,180000,180000,180000,180000,0,1,180000,180000,180000,180000,180000,0
ta44,40,300000,1994,1999.625,1999,1999,2003,2.07163381577601,25000,155950,157500,196000,286000,68334.3777281039,300000,3e+05,300000,300000,300000,0,1,180000,180000,180000,180000,180000,0
ta44,40,1800000,1992,1995.375,1996,1996,2001,2.20358100163557,151000,984100,1049500,1049500,1800000,516493.294319416,1800000,1800000,1800000,1800000,1800000,0,5,401000,401000,704000,704000,1041000,252475.147291768
ta44,40,1801000,1992,1995.375,1996,1996,2001,2.20358100163557,188000,1444025,1800500,1801000,1801000,525042.146659895,1801000,1801000,1801000,1801000,1801000,0,5,530000,530000,843000,843000,1801000,493744.569590391
ta44,40,NA,1992,1995,1995,1996,2001,2.21880078490092,1801000,2060600,2027500,1801000,2365000,263922.074746433,1801000,2060600,2027500,1801000,2365000,263922.074746433,7,1801000,1801000,2336000,2336000,2358000,202500.793649238
ta45,40,180000,2005,2012.15,2013,2013,2013,1.94211093189727,11000,63300,44000,82000,177000,44174.0148700974,180000,180000,180000,180000,180000,0,1,31000,31000,31000,31000,31000,0
ta45,40,300000,2005,2011.975,2013,2013,2013,2.06915689506868,11000,76000,44500,37000,259000,61670.3394609659,300000,3e+05,300000,300000,300000,0,1,31000,31000,31000,31000,31000,0
ta45,40,1800000,2005,2010.35,2010,2013,2013,2.61700553089174,11000,502100,207500,27000,1778000,544929.108539206,1800000,1800000,1800000,1800000,1800000,0,3,31000,31000,852000,852000,1564000,767145.575059475
ta45,40,1801000,2005,2010.35,2010,2013,2013,2.61700553089174,11000,1122400,1620000,1801000,1801000,760587.890030822,1801000,1801000,1801000,1801000,1801000,0,3,1801000,1801000,1801000,1801000,1801000,0
ta45,40,NA,2005,2010.175,2010,2013,2013,2.63007750690121,1801000,1973750,1900500,1801000,2260000,193020.624645299,1801000,1973750,1900500,1801000,2260000,193020.624645299,3,1801000,1801000,1801000,1801000,1801000,0
ta46,40,180000,2026,2038.275,2037,2038,2058,6.73295568882584,16000,94225,91500,134000,178000,44888.7442347673,180000,180000,180000,180000,180000,0,1,169000,169000,169000,169000,169000,0
ta46,40,300000,2026,2034.9,2034,2033,2053,5.19763259719121,38000,182975,187500,300000,300000,93298.6622873843,300000,3e+05,300000,300000,300000,0,1,169000,169000,169000,169000,169000,0
ta46,40,1800000,2025,2029.9,2030,2031,2034,2.19322967567385,42000,697225,593000,169000,1773000,504214.570091254,1800000,1800000,1800000,1800000,1800000,0,1,526000,526000,526000,526000,526000,0
ta46,40,1801000,2025,2029.9,2030,2031,2034,2.19322967567385,42000,1273500,1787000,1801000,1801000,673130.954607855,1801000,1801000,1801000,1801000,1801000,0,1,1801000,1801000,1801000,1801000,1801000,0
ta46,40,NA,2025,2029.825,2030,2030,2034,2.21750032521028,1801000,1963475,1949000,1801000,2151000,164986.244570376,1801000,1963475,1949000,1801000,2151000,164986.244570376,1,1801000,1801000,1801000,1801000,1801000,0
ta47,40,180000,1915,1922.25,1922,1925,1932,4.57837727383169,19000,98950,100500,121000,176000,48677.3521813237,180000,180000,180000,180000,180000,0,2,87000,87000,112500,112500,138000,36062.4458405139
ta47,40,300000,1914,1920.625,1921,1918,1929,4.04897897861063,20000,151525,135500,115000,300000,91187.3212903119,300000,3e+05,300000,300000,300000,0,1,249000,249000,249000,249000,249000,0
ta47,40,1800000,1906,1913.4,1913.5,1915,1918,2.5298221281347,41000,952200,1001500,1001500,1786000,489486.187961548,1800000,1800000,1800000,1800000,1800000,0,1,795000,795000,795000,795000,795000,0
ta47,40,1801000,1906,1913.4,1913.5,1915,1918,2.5298221281347,87000,1386725,1793500,1801000,1801000,546752.791253588,1801000,1801000,1801000,1801000,1801000,0,1,795000,795000,795000,795000,795000,0
ta47,40,NA,1906,1913.3,1913,1914,1918,2.49306731064057,1801000,1980650,1884500,1801000,2223000,193172.508263257,1801000,1980650,1884500,1801000,2223000,193172.508263257,1,2207000,2207000,2207000,2207000,2207000,0
ta48,40,180000,1964,1973.5,1973,1970,1988,5.31567589836046,18000,110025,120000,125000,179000,48137.3502301434,180000,180000,180000,180000,180000,0,1,118000,118000,118000,118000,118000,0
ta48,40,300000,1962,1969.8,1969.5,1968,1979,3.8908175925455,18000,192400,201500,125000,299000,84439.5702596894,300000,3e+05,300000,300000,300000,0,3,192000,192000,249000,249000,281000,45081.4078455114
ta48,40,1800000,1952,1962.45,1963,1963.5,1968,3.87596141919356,200000,950375,946500,1249000,1788000,455201.938140843,1800000,1800000,1800000,1800000,1800000,0,1,414000,414000,414000,414000,414000,0
ta48,40,1801000,1952,1962.45,1963,1963.5,1968,3.87596141919356,269000,1416100,1794500,1801000,1801000,501710.193187978,1801000,1801000,1801000,1801000,1801000,0,1,414000,414000,414000,414000,414000,0
ta48,40,NA,1952,1962.325,1963,1964,1968,3.76479985506772,1801000,1921475,1853000,1801000,2165000,144339.874459466,1801000,1921475,1853000,1801000,2165000,144339.874459466,1,2152000,2152000,2152000,2152000,2152000,0
ta49,40,180000,1983,1991.25,1992,1992,2000,4.14945161653305,7000,95025,100000,56000,179000,49098.7949614516,180000,180000,180000,180000,180000,0,1,36000,36000,36000,36000,36000,0
ta49,40,300000,1983,1989.575,1990,1992,1996,3.46326879829313,7000,145150,145500,131000,286000,83293.595653706,300000,3e+05,300000,300000,300000,0,2,36000,36000,160000,160000,284000,175362.481734264
ta49,40,1800000,1979,1983.875,1984,1984,1989,2.95424509859357,64000,706000,618000,618000,1684000,443072.836519616,1800000,1800000,1800000,1800000,1800000,0,3,359000,359000,401000,401000,743000,210627.633514693
ta49,40,1801000,1979,1983.875,1984,1984,1989,2.95424509859357,64000,1243575,1672000,1801000,1801000,635786.485991351,1801000,1801000,1801000,1801000,1801000,0,3,401000,401000,743000,743000,1801000,729877.615311864
ta49,40,NA,1979,1983.85,1984,1984,1989,2.93999825571202,1801000,1978825,1913500,1801000,2246000,190371.416662406,1801000,1978825,1913500,1801000,2246000,190371.416662406,3,1801000,1801000,2235000,2235000,2241000,252319.902768952
ta50,40,180000,1938,1954.45,1955,1957,1967,7.27817249533115,29000,108700,112500,160000,180000,47300.5664843836,180000,180000,180000,180000,180000,0,1,139000,139000,139000,139000,139000,0
ta50,40,300000,1938,1952.25,1952,1950,1966,6.07538117407101,29000,170600,176500,196000,292000,78685.9385346386,300000,3e+05,300000,300000,300000,0,1,139000,139000,139000,139000,139000,0
ta50,40,1800000,1935,1942.85,1943,1943,1948,2.71321552065782,37000,1060725,1166000,1279000,1782000,533507.695256063,1800000,1800000,1800000,1800000,1800000,0,1,817000,817000,817000,817000,817000,0
ta50,40,1801000,1935,1942.85,1943,1943,1948,2.71321552065782,55000,1437350,1791500,1801000,1801000,550846.97256088,1801000,1801000,1801000,1801000,1801000,0,1,817000,817000,817000,817000,817000,0
ta50,40,NA,1935,1942.7,1943,1943,1948,2.86624922422748,1801000,1966700,1882000,1801000,2195000,173340.512671831,1801000,1966700,1882000,1801000,2195000,173340.512671831,1,1974000,1974000,1974000,1974000,1974000,0
